0.0100	0.0000	0.0000	0.00
0.0200	0.0000	0.0034	0.00
0.0300	0.0009	0.0068	0.00
0.0400	0.0026	0.0102	0.01
0.0500	0.0051	0.0135	0.02
0.0600	0.0085	0.0168	0.03
0.0700	0.0127	0.0200	0.05
0.0800	0.0177	0.0232	0.08
0.0900	0.0235	0.0263	0.11
0.1000	0.0301	0.0294	0.15
0.1100	0.0374	0.0324	0.19
0.1200	0.0455	0.0354	0.23
0.1300	0.0544	0.0384	0.28
0.1400	0.0640	0.0413	0.33
0.1500	0.0743	0.0442	0.39
0.1600	0.0853	0.0470	0.45
0.1700	0.0971	0.0498	0.51
0.1800	0.1095	0.0526	0.57
0.1900	0.1227	0.0553	0.63
0.2000	0.1365	0.0580	0.70
0.2100	0.1510	0.0606	0.76
0.2200	0.1662	0.0632	0.81
0.2300	0.1820	0.0658	0.86
0.2400	0.1984	0.0684	0.91
0.2500	0.2155	0.0709	0.95
0.2600	0.2332	0.0733	0.98
0.2700	0.2516	0.0758	0.99
0.2800	0.2705	0.0782	1.00
0.2900	0.2901	0.0805	0.99
0.3000	0.3102	0.0829	0.97
0.3100	0.3309	0.0852	0.93
0.3200	0.3522	0.0875	0.87
0.3300	0.3741	0.0897	0.80
0.3400	0.3965	0.0919	0.71
0.3500	0.4195	0.0941	0.61
0.3600	0.4430	0.0958	0.49
0.3700	0.4669	0.0954	0.35
0.3800	0.4908	0.0932	0.21
0.3900	0.5141	0.0895	0.06
0.4000	0.5365	0.0849	-0.09
0.4100	0.5577	0.0802	-0.23
0.4200	0.5777	0.0757	-0.35
0.4300	0.5967	0.0712	-0.47
0.4400	0.6145	0.0668	-0.57
0.4500	0.6312	0.0624	-0.66
0.4600	0.6468	0.0581	-0.73
0.4700	0.6613	0.0538	-0.80
0.4800	0.6747	0.0496	-0.85
0.4900	0.6871	0.0455	-0.89
0.5000	0.6985	0.0416	-0.92
0.5100	0.7089	0.0381	-0.95
0.5200	0.7184	0.0352	-0.97
0.5300	0.7272	0.0328	-0.98
0.5400	0.7354	0.0307	-0.99
0.5500	0.7431	0.0289	-1.00
0.5600	0.7504	0.0274	-1.00
0.5700	0.7572	0.0261	-1.00
0.5800	0.7637	0.0249	-1.00
0.5900	0.7699	0.0238	-1.00
0.6000	0.7759	0.0228	-0.99
0.6100	0.7816	0.0220	-0.99
0.6200	0.7871	0.0211	-0.98
0.6300	0.7924	0.0204	-0.97
0.6400	0.7975	0.0197	-0.97
0.6500	0.8024	0.0191	-0.96
0.6600	0.8072	0.0185	-0.95
0.6700	0.8118	0.0180	-0.94
0.6800	0.8163	0.0174	-0.93
0.6900	0.8207	0.0170	-0.92
0.7000	0.8249	0.0165	-0.90
0.7100	0.8290	0.0161	-0.89
0.7200	0.8331	0.0157	-0.88
0.7300	0.8370	0.0153	-0.87
0.7400	0.8408	0.0150	-0.86
0.7500	0.8446	0.0147	-0.84
0.7600	0.8482	0.0143	-0.83
0.7700	0.8518	0.0141	-0.82
0.7800	0.8553	0.0138	-0.80
0.7900	0.8588	0.0135	-0.79
0.8000	0.8622	0.0133	-0.78
0.8100	0.8655	0.0130	-0.76
0.8200	0.8687	0.0128	-0.75
0.8300	0.8719	0.0126	-0.74
0.8400	0.8751	0.0124	-0.72
0.8500	0.8782	0.0122	-0.71
0.8600	0.8812	0.0120	-0.69
0.8700	0.8842	0.0118	-0.68
0.8800	0.8872	0.0116	-0.67
0.8900	0.8901	0.0115	-0.65
0.9000	0.8929	0.0113	-0.64
0.9100	0.8958	0.0112	-0.63
0.9200	0.8986	0.0110	-0.61
0.9300	0.9013	0.0109	-0.60
0.9400	0.9040	0.0107	-0.58
0.9500	0.9067	0.0106	-0.57
0.9600	0.9094	0.0105	-0.56
0.9700	0.9120	0.0104	-0.54
0.9800	0.9146	0.0103	-0.53
0.9900	0.9172	0.0101	-0.51
1.0000	0.9197	0.0100	-0.50
1.0100	0.9222	0.0099	-0.49
1.0200	0.9247	0.0098	-0.47
1.0300	0.9271	0.0097	-0.46
1.0400	0.9296	0.0096	-0.44
1.0500	0.9320	0.0095	-0.43
1.0600	0.9344	0.0095	-0.42
1.0700	0.9367	0.0094	-0.40
1.0800	0.9391	0.0093	-0.39
1.0900	0.9414	0.0092	-0.38
1.1000	0.9437	0.0091	-0.36
1.1100	0.9460	0.0090	-0.35
1.1200	0.9482	0.0090	-0.34
1.1300	0.9505	0.0089	-0.32
1.1400	0.9527	0.0088	-0.31
1.1500	0.9549	0.0087	-0.30
1.1600	0.9571	0.0087	-0.28
1.1700	0.9593	0.0086	-0.27
1.1800	0.9614	0.0085	-0.26
1.1900	0.9636	0.0085	-0.24
1.2000	0.9657	0.0084	-0.23
1.2100	0.9678	0.0083	-0.22
1.2200	0.9699	0.0083	-0.20
1.2300	0.9719	0.0082	-0.19
1.2400	0.9740	0.0082	-0.18
1.2500	0.9760	0.0081	-0.17
1.2600	0.9780	0.0080	-0.15
1.2700	0.9801	0.0080	-0.14
1.2800	0.9821	0.0079	-0.13
1.2900	0.9840	0.0079	-0.12
1.3000	0.9860	0.0078	-0.10
1.3100	0.9880	0.0077	-0.09
1.3200	0.9899	0.0077	-0.08
1.3300	0.9918	0.0076	-0.07
1.3400	0.9937	0.0076	-0.05
1.3500	0.9956	0.0075	-0.04
1.3600	0.9975	0.0075	-0.03
1.3700	0.9994	0.0074	-0.02
1.3800	1.0012	0.0074	-0.01
1.3900	1.0031	0.0073	0.00
1.4000	1.0049	0.0073	0.02
1.4100	1.0067	0.0072	0.03
1.4200	1.0085	0.0071	0.04
1.4300	1.0103	0.0071	0.05
1.4400	1.0121	0.0070	0.06
1.4500	1.0138	0.0070	0.07
1.4600	1.0156	0.0069	0.08
1.4700	1.0173	0.0069	0.09
1.4800	1.0190	0.0068	0.11
1.4900	1.0207	0.0068	0.12
1.5000	1.0224	0.0067	0.13
1.5100	1.0241	0.0067	0.14
1.5200	1.0258	0.0066	0.15
1.5300	1.0274	0.0066	0.16
1.5400	1.0290	0.0065	0.17
1.5500	1.0307	0.0064	0.18
1.5600	1.0323	0.0064	0.19
1.5700	1.0339	0.0063	0.20
1.5800	1.0355	0.0063	0.21
1.5900	1.0370	0.0062	0.22
1.6000	1.0386	0.0062	0.23
1.6100	1.0401	0.0061	0.24
1.6200	1.0417	0.0061	0.25
1.6300	1.0432	0.0060	0.26
1.6400	1.0447	0.0059	0.26
1.6500	1.0462	0.0059	0.27
1.6600	1.0476	0.0058	0.28
1.6700	1.0491	0.0058	0.29
1.6800	1.0505	0.0057	0.30
1.6900	1.0520	0.0057	0.31
1.7000	1.0534	0.0056	0.32
1.7100	1.0548	0.0055	0.33
1.7200	1.0562	0.0055	0.33
1.7300	1.0575	0.0054	0.34
1.7400	1.0589	0.0054	0.35
1.7500	1.0602	0.0053	0.36
1.7600	1.0615	0.0053	0.37
1.7700	1.0629	0.0052	0.37
1.7800	1.0642	0.0051	0.38
1.7900	1.0654	0.0051	0.39
1.8000	1.0667	0.0050	0.40
1.8100	1.0680	0.0050	0.40
1.8200	1.0692	0.0049	0.41
1.8300	1.0704	0.0048	0.42
1.8400	1.0716	0.0048	0.43
1.8500	1.0728	0.0047	0.43
1.8600	1.0740	0.0047	0.44
1.8700	1.0752	0.0046	0.45
1.8800	1.0763	0.0045	0.45
1.8900	1.0775	0.0045	0.46
1.9000	1.0786	0.0044	0.46
1.9100	1.0797	0.0044	0.47
1.9200	1.0808	0.0043	0.48
1.9300	1.0818	0.0042	0.48
1.9400	1.0829	0.0042	0.49
1.9500	1.0839	0.0041	0.49
1.9600	1.0850	0.0041	0.50
1.9700	1.0860	0.0040	0.51
1.9800	1.0870	0.0039	0.51
1.9900	1.0880	0.0039	0.52
2.0000	1.0889	0.0038	0.52
2.0100	1.0899	0.0038	0.53
2.0200	1.0908	0.0037	0.53
2.0300	1.0918	0.0036	0.54
2.0400	1.0927	0.0036	0.54
2.0500	1.0936	0.0035	0.55
2.0600	1.0945	0.0035	0.55
2.0700	1.0953	0.0034	0.56
2.0800	1.0962	0.0034	0.56
2.0900	1.0970	0.0033	0.57
2.1000	1.0978	0.0032	0.57
2.1100	1.0986	0.0032	0.57
2.1200	1.0994	0.0031	0.58
2.1300	1.1002	0.0031	0.58
2.1400	1.1010	0.0030	0.59
2.1500	1.1017	0.0030	0.59
2.1600	1.1025	0.0029	0.59
2.1700	1.1032	0.0028	0.60
2.1800	1.1039	0.0028	0.60
2.1900	1.1046	0.0027	0.60
2.2000	1.1053	0.0027	0.61
2.2100	1.1060	0.0026	0.61
2.2200	1.1066	0.0026	0.61
2.2300	1.1073	0.0025	0.62
2.2400	1.1079	0.0025	0.62
2.2500	1.1085	0.0024	0.62
2.2600	1.1091	0.0024	0.63
2.2700	1.1097	0.0023	0.63
2.2800	1.1103	0.0023	0.63
2.2900	1.1108	0.0022	0.64
2.3000	1.1114	0.0022	0.64
2.3100	1.1119	0.0021	0.64
2.3200	1.1124	0.0021	0.64
2.3300	1.1130	0.0020	0.65
2.3400	1.1135	0.0020	0.65
2.3500	1.1139	0.0019	0.65
2.3600	1.1144	0.0019	0.65
2.3700	1.1149	0.0018	0.66
2.3800	1.1153	0.0018	0.66
2.3900	1.1158	0.0017	0.66
2.4000	1.1162	0.0017	0.66
2.4100	1.1166	0.0016	0.66
2.4200	1.1170	0.0016	0.67
2.4300	1.1174	0.0015	0.67
2.4400	1.1178	0.0015	0.67
2.4500	1.1182	0.0015	0.67
2.4600	1.1186	0.0014	0.67
2.4700	1.1189	0.0014	0.68
2.4800	1.1192	0.0013	0.68
2.4900	1.1196	0.0013	0.68
2.5000	1.1199	0.0012	0.68
2.5100	1.1202	0.0012	0.68
2.5200	1.1205	0.0012	0.68
2.5300	1.1208	0.0011	0.68
2.5400	1.1211	0.0011	0.69
2.5500	1.1214	0.0010	0.69
2.5600	1.1216	0.0010	0.69
2.5700	1.1219	0.0010	0.69
2.5800	1.1221	0.0009	0.69
2.5900	1.1223	0.0009	0.69
2.6000	1.1226	0.0009	0.69
2.6100	1.1228	0.0008	0.69
2.6200	1.1230	0.0008	0.69
2.6300	1.1232	0.0008	0.70
2.6400	1.1234	0.0007	0.70
2.6500	1.1236	0.0007	0.70
2.6600	1.1237	0.0007	0.70
2.6700	1.1239	0.0006	0.70
2.6800	1.1241	0.0006	0.70
2.6900	1.1242	0.0006	0.70
2.7000	1.1243	0.0005	0.70
2.7100	1.1245	0.0005	0.70
2.7200	1.1246	0.0005	0.70
2.7300	1.1247	0.0004	0.70
2.7400	1.1248	0.0004	0.70
2.7500	1.1249	0.0004	0.70
2.7600	1.1250	0.0004	0.70
2.7700	1.1251	0.0003	0.70
2.7800	1.1252	0.0003	0.71
2.7900	1.1253	0.0003	0.71
2.8000	1.1253	0.0002	0.71
2.8100	1.1254	0.0002	0.71
2.8200	1.1254	0.0002	0.71
2.8300	1.1255	0.0002	0.71
2.8400	1.1255	0.0001	0.71
2.8500	1.1256	0.0001	0.71
2.8600	1.1256	0.0001	0.71
2.8700	1.1256	0.0001	0.71
2.8800	1.1256	0.0000	0.71
2.8900	1.1256	0.0000	0.71
2.9000	1.1256	-0.0000	0.71
2.9100	1.1256	-0.0000	0.71
2.9200	1.1256	-0.0001	0.71
2.9300	1.1256	-0.0001	0.71
2.9400	1.1256	-0.0001	0.71
2.9500	1.1256	-0.0001	0.71
2.9600	1.1256	-0.0001	0.71
2.9700	1.1255	-0.0002	0.71
2.9800	1.1255	-0.0002	0.71
2.9900	1.1254	-0.0002	0.71
3.0000	1.1254	-0.0002	0.71
3.0100	1.1253	-0.0002	0.71
3.0200	1.1253	-0.0003	0.71
3.0300	1.1252	-0.0003	0.71
3.0400	1.1251	-0.0003	0.71
3.0500	1.1251	-0.0003	0.71
3.0600	1.1250	-0.0003	0.70
3.0700	1.1249	-0.0003	0.70
3.0800	1.1248	-0.0004	0.70
3.0900	1.1247	-0.0004	0.70
3.1000	1.1246	-0.0004	0.70
3.1100	1.1245	-0.0004	0.70
3.1200	1.1244	-0.0004	0.70
3.1300	1.1243	-0.0004	0.70
3.1400	1.1242	-0.0005	0.70
3.1500	1.1241	-0.0005	0.70
3.1600	1.1240	-0.0005	0.70
3.1700	1.1239	-0.0005	0.70
3.1800	1.1237	-0.0005	0.70
3.1900	1.1236	-0.0005	0.70
3.2000	1.1235	-0.0005	0.70
3.2100	1.1234	-0.0006	0.70
3.2200	1.1232	-0.0006	0.70
3.2300	1.1231	-0.0006	0.70
3.2400	1.1229	-0.0006	0.70
3.2500	1.1228	-0.0006	0.70
3.2600	1.1226	-0.0006	0.69
3.2700	1.1225	-0.0006	0.69
3.2800	1.1223	-0.0006	0.69
3.2900	1.1221	-0.0007	0.69
3.3000	1.1220	-0.0007	0.69
3.3100	1.1218	-0.0007	0.69
3.3200	1.1216	-0.0007	0.69
3.3300	1.1215	-0.0007	0.69
3.3400	1.1213	-0.0007	0.69
3.3500	1.1211	-0.0007	0.69
3.3600	1.1209	-0.0007	0.69
3.3700	1.1208	-0.0007	0.69
3.3800	1.1206	-0.0008	0.69
3.3900	1.1204	-0.0008	0.68
3.4000	1.1202	-0.0008	0.68
3.4100	1.1200	-0.0008	0.68
3.4200	1.1198	-0.0008	0.68
3.4300	1.1196	-0.0008	0.68
3.4400	1.1194	-0.0008	0.68
3.4500	1.1192	-0.0008	0.68
3.4600	1.1190	-0.0008	0.68
3.4700	1.1188	-0.0008	0.68
3.4800	1.1186	-0.0008	0.68
3.4900	1.1184	-0.0009	0.68
3.5000	1.1181	-0.0009	0.67
3.5100	1.1179	-0.0009	0.67
3.5200	1.1177	-0.0009	0.67
3.5300	1.1175	-0.0009	0.67
3.5400	1.1173	-0.0009	0.67
3.5500	1.1170	-0.0009	0.67
3.5600	1.1168	-0.0009	0.67
3.5700	1.1166	-0.0009	0.67
3.5800	1.1164	-0.0009	0.67
3.5900	1.1161	-0.0009	0.67
3.6000	1.1159	-0.0009	0.66
3.6100	1.1157	-0.0009	0.66
3.6200	1.1154	-0.0010	0.66
3.6300	1.1152	-0.0010	0.66
3.6400	1.1149	-0.0010	0.66
3.6500	1.1147	-0.0010	0.66
3.6600	1.1145	-0.0010	0.66
3.6700	1.1142	-0.0010	0.66
3.6800	1.1140	-0.0010	0.65
3.6900	1.1137	-0.0010	0.65
3.7000	1.1135	-0.0010	0.65
3.7100	1.1132	-0.0010	0.65
3.7200	1.1130	-0.0010	0.65
3.7300	1.1127	-0.0010	0.65
3.7400	1.1125	-0.0010	0.65
3.7500	1.1122	-0.0010	0.65
3.7600	1.1119	-0.0010	0.65
3.7700	1.1117	-0.0010	0.64
3.7800	1.1114	-0.0010	0.64
3.7900	1.1112	-0.0011	0.64
3.8000	1.1109	-0.0011	0.64
3.8100	1.1106	-0.0011	0.64
3.8200	1.1104	-0.0011	0.64
3.8300	1.1101	-0.0011	0.64
3.8400	1.1098	-0.0011	0.64
3.8500	1.1096	-0.0011	0.63
3.8600	1.1093	-0.0011	0.63
3.8700	1.1090	-0.0011	0.63
3.8800	1.1087	-0.0011	0.63
3.8900	1.1085	-0.0011	0.63
3.9000	1.1082	-0.0011	0.63
3.9100	1.1079	-0.0011	0.63
3.9200	1.1076	-0.0011	0.62
3.9300	1.1074	-0.0011	0.62
3.9400	1.1071	-0.0011	0.62
3.9500	1.1068	-0.0011	0.62
3.9600	1.1065	-0.0011	0.62
3.9700	1.1062	-0.0011	0.62
3.9800	1.1060	-0.0011	0.62
3.9900	1.1057	-0.0011	0.61
4.0000	1.1054	-0.0011	0.61
4.0100	1.1051	-0.0011	0.61
4.0200	1.1048	-0.0011	0.61
4.0300	1.1045	-0.0011	0.61
4.0400	1.1043	-0.0012	0.61
4.0500	1.1040	-0.0012	0.61
4.0600	1.1037	-0.0012	0.60
4.0700	1.1034	-0.0012	0.60
4.0800	1.1031	-0.0012	0.60
4.0900	1.1028	-0.0012	0.60
4.1000	1.1025	-0.0012	0.60
4.1100	1.1022	-0.0012	0.60
4.1200	1.1019	-0.0012	0.60
4.1300	1.1016	-0.0012	0.59
4.1400	1.1013	-0.0012	0.59
4.1500	1.1010	-0.0012	0.59
4.1600	1.1008	-0.0012	0.59
4.1700	1.1005	-0.0012	0.59
4.1800	1.1002	-0.0012	0.59
4.1900	1.0999	-0.0012	0.59
4.2000	1.0996	-0.0012	0.58
4.2100	1.0993	-0.0012	0.58
4.2200	1.0990	-0.0012	0.58
4.2300	1.0987	-0.0012	0.58
4.2400	1.0984	-0.0012	0.58
4.2500	1.0981	-0.0012	0.58
4.2600	1.0978	-0.0012	0.58
4.2700	1.0975	-0.0012	0.57
4.2800	1.0972	-0.0012	0.57
4.2900	1.0969	-0.0012	0.57
4.3000	1.0966	-0.0012	0.57
4.3100	1.0962	-0.0012	0.57
4.3200	1.0959	-0.0012	0.57
4.3300	1.0956	-0.0012	0.56
4.3400	1.0953	-0.0012	0.56
4.3500	1.0950	-0.0012	0.56
4.3600	1.0947	-0.0012	0.56
4.3700	1.0944	-0.0012	0.56
4.3800	1.0941	-0.0012	0.56
4.3900	1.0938	-0.0012	0.55
4.4000	1.0935	-0.0012	0.55
4.4100	1.0932	-0.0012	0.55
4.4200	1.0929	-0.0012	0.55
4.4300	1.0926	-0.0012	0.55
4.4400	1.0923	-0.0012	0.55
4.4500	1.0920	-0.0012	0.54
4.4600	1.0916	-0.0012	0.54
4.4700	1.0913	-0.0012	0.54
4.4800	1.0910	-0.0012	0.54
4.4900	1.0907	-0.0012	0.54
4.5000	1.0904	-0.0012	0.54
4.5100	1.0901	-0.0012	0.54
4.5200	1.0898	-0.0012	0.53
4.5300	1.0895	-0.0012	0.53
4.5400	1.0892	-0.0013	0.53
4.5500	1.0888	-0.0013	0.53
4.5600	1.0885	-0.0013	0.53
4.5700	1.0882	-0.0013	0.53
4.5800	1.0879	-0.0013	0.52
4.5900	1.0876	-0.0013	0.52
4.6000	1.0873	-0.0013	0.52
4.6100	1.0870	-0.0013	0.52
4.6200	1.0866	-0.0013	0.52
4.6300	1.0863	-0.0013	0.51
4.6400	1.0860	-0.0013	0.51
4.6500	1.0857	-0.0013	0.51
4.6600	1.0854	-0.0013	0.51
4.6700	1.0851	-0.0013	0.51
4.6800	1.0848	-0.0013	0.51
4.6900	1.0844	-0.0013	0.50
4.7000	1.0841	-0.0013	0.50
4.7100	1.0838	-0.0013	0.50
4.7200	1.0835	-0.0013	0.50
4.7300	1.0832	-0.0013	0.50
4.7400	1.0829	-0.0013	0.50
4.7500	1.0825	-0.0013	0.49
4.7600	1.0822	-0.0013	0.49
4.7700	1.0819	-0.0013	0.49
4.7800	1.0816	-0.0013	0.49
4.7900	1.0813	-0.0013	0.49
4.8000	1.0810	-0.0013	0.49
4.8100	1.0806	-0.0013	0.48
4.8200	1.0803	-0.0013	0.48
4.8300	1.0800	-0.0013	0.48
4.8400	1.0797	-0.0013	0.48
4.8500	1.0794	-0.0013	0.48
4.8600	1.0791	-0.0013	0.48
4.8700	1.0787	-0.0013	0.47
4.8800	1.0784	-0.0013	0.47
4.8900	1.0781	-0.0013	0.47
4.9000	1.0778	-0.0013	0.47
4.9100	1.0775	-0.0013	0.47
4.9200	1.0772	-0.0013	0.46
4.9300	1.0768	-0.0013	0.46
4.9400	1.0765	-0.0013	0.46
4.9500	1.0762	-0.0013	0.46
4.9600	1.0759	-0.0013	0.46
4.9700	1.0756	-0.0013	0.46
4.9800	1.0753	-0.0013	0.45
4.9900	1.0749	-0.0013	0.45
5.0000	1.0746	-0.0013	0.45
5.0100	1.0743	-0.0013	0.45
5.0200	1.0740	-0.0013	0.45
5.0300	1.0737	-0.0013	0.45
5.0400	1.0733	-0.0013	0.44
5.0500	1.0730	-0.0013	0.44
5.0600	1.0727	-0.0013	0.44
5.0700	1.0724	-0.0013	0.44
5.0800	1.0721	-0.0013	0.44
5.0900	1.0718	-0.0013	0.43
5.1000	1.0714	-0.0013	0.43
5.1100	1.0711	-0.0013	0.43
5.1200	1.0708	-0.0013	0.43
5.1300	1.0705	-0.0013	0.43
5.1400	1.0702	-0.0013	0.43
5.1500	1.0699	-0.0013	0.42
5.1600	1.0696	-0.0013	0.42
5.1700	1.0692	-0.0013	0.42
5.1800	1.0689	-0.0013	0.42
5.1900	1.0686	-0.0013	0.42
5.2000	1.0683	-0.0013	0.41
5.2100	1.0680	-0.0013	0.41
5.2200	1.0677	-0.0013	0.41
5.2300	1.0673	-0.0013	0.41
5.2400	1.0670	-0.0013	0.41
5.2500	1.0667	-0.0013	0.41
5.2600	1.0664	-0.0013	0.40
5.2700	1.0661	-0.0013	0.40
5.2800	1.0658	-0.0013	0.40
5.2900	1.0655	-0.0013	0.40
5.3000	1.0651	-0.0013	0.40
5.3100	1.0648	-0.0013	0.39
5.3200	1.0645	-0.0013	0.39
5.3300	1.0642	-0.0013	0.39
5.3400	1.0639	-0.0013	0.39
5.3500	1.0636	-0.0013	0.39
5.3600	1.0633	-0.0012	0.39
5.3700	1.0629	-0.0012	0.38
5.3800	1.0626	-0.0012	0.38
5.3900	1.0623	-0.0012	0.38
5.4000	1.0620	-0.0012	0.38
5.4100	1.0617	-0.0012	0.38
5.4200	1.0614	-0.0012	0.37
5.4300	1.0611	-0.0012	0.37
5.4400	1.0608	-0.0012	0.37
5.4500	1.0605	-0.0012	0.37
5.4600	1.0601	-0.0012	0.37
5.4700	1.0598	-0.0012	0.37
5.4800	1.0595	-0.0012	0.36
5.4900	1.0592	-0.0012	0.36
5.5000	1.0589	-0.0012	0.36
5.5100	1.0586	-0.0012	0.36
5.5200	1.0583	-0.0012	0.36
5.5300	1.0580	-0.0012	0.35
5.5400	1.0577	-0.0012	0.35
5.5500	1.0574	-0.0012	0.35
5.5600	1.0571	-0.0012	0.35
5.5700	1.0568	-0.0012	0.35
5.5800	1.0564	-0.0012	0.35
5.5900	1.0561	-0.0012	0.34
5.6000	1.0558	-0.0012	0.34
5.6100	1.0555	-0.0012	0.34
5.6200	1.0552	-0.0012	0.34
5.6300	1.0549	-0.0012	0.34
5.6400	1.0546	-0.0012	0.34
5.6500	1.0543	-0.0012	0.33
5.6600	1.0540	-0.0012	0.33
5.6700	1.0537	-0.0012	0.33
5.6800	1.0534	-0.0012	0.33
5.6900	1.0531	-0.0012	0.33
5.7000	1.0528	-0.0012	0.32
5.7100	1.0525	-0.0012	0.32
5.7200	1.0522	-0.0012	0.32
5.7300	1.0519	-0.0012	0.32
5.7400	1.0516	-0.0012	0.32
5.7500	1.0513	-0.0012	0.32
5.7600	1.0510	-0.0012	0.31
5.7700	1.0507	-0.0012	0.31
5.7800	1.0504	-0.0012	0.31
5.7900	1.0501	-0.0012	0.31
5.8000	1.0498	-0.0012	0.31
5.8100	1.0495	-0.0012	0.30
5.8200	1.0492	-0.0012	0.30
5.8300	1.0489	-0.0012	0.30
5.8400	1.0486	-0.0012	0.30
5.8500	1.0483	-0.0012	0.30
5.8600	1.0480	-0.0012	0.30
5.8700	1.0477	-0.0012	0.29
5.8800	1.0474	-0.0012	0.29
5.8900	1.0471	-0.0012	0.29
5.9000	1.0468	-0.0012	0.29
5.9100	1.0465	-0.0012	0.29
5.9200	1.0462	-0.0012	0.29
5.9300	1.0459	-0.0012	0.28
5.9400	1.0457	-0.0012	0.28
5.9500	1.0454	-0.0012	0.28
5.9600	1.0451	-0.0012	0.28
5.9700	1.0448	-0.0012	0.28
5.9800	1.0445	-0.0012	0.27
5.9900	1.0442	-0.0012	0.27
6.0000	1.0439	-0.0012	0.27
6.0100	1.0436	-0.0012	0.27
6.0200	1.0433	-0.0012	0.27
6.0300	1.0430	-0.0011	0.27
6.0400	1.0428	-0.0011	0.26
6.0500	1.0425	-0.0011	0.26
6.0600	1.0422	-0.0011	0.26
6.0700	1.0419	-0.0011	0.26
6.0800	1.0416	-0.0011	0.26
6.0900	1.0413	-0.0011	0.26
6.1000	1.0410	-0.0011	0.25
6.1100	1.0408	-0.0011	0.25
6.1200	1.0405	-0.0011	0.25
6.1300	1.0402	-0.0011	0.25
6.1400	1.0399	-0.0011	0.25
6.1500	1.0396	-0.0011	0.24
6.1600	1.0394	-0.0011	0.24
6.1700	1.0391	-0.0011	0.24
6.1800	1.0388	-0.0011	0.24
6.1900	1.0385	-0.0011	0.24
6.2000	1.0382	-0.0011	0.24
6.2100	1.0380	-0.0011	0.23
6.2200	1.0377	-0.0011	0.23
6.2300	1.0374	-0.0011	0.23
6.2400	1.0371	-0.0011	0.23
6.2500	1.0369	-0.0011	0.23
6.2600	1.0366	-0.0011	0.23
6.2700	1.0363	-0.0011	0.22
6.2800	1.0360	-0.0011	0.22
6.2900	1.0358	-0.0011	0.22
6.3000	1.0355	-0.0011	0.22
6.3100	1.0352	-0.0011	0.22
6.3200	1.0349	-0.0011	0.22
6.3300	1.0347	-0.0011	0.21
6.3401	1.0344	-0.0011	0.21
6.3501	1.0341	-0.0011	0.21
6.3601	1.0339	-0.0011	0.21
6.3701	1.0336	-0.0011	0.21
6.3801	1.0333	-0.0011	0.21
6.3901	1.0331	-0.0011	0.20
6.4001	1.0328	-0.0011	0.20
6.4101	1.0325	-0.0011	0.20
6.4201	1.0323	-0.0011	0.20
6.4301	1.0320	-0.0011	0.20
6.4401	1.0317	-0.0010	0.20
6.4501	1.0315	-0.0010	0.19
6.4601	1.0312	-0.0010	0.19
6.4701	1.0310	-0.0010	0.19
6.4801	1.0307	-0.0010	0.19
6.4901	1.0304	-0.0010	0.19
6.5001	1.0302	-0.0010	0.19
6.5101	1.0299	-0.0010	0.19
6.5201	1.0297	-0.0010	0.18
6.5301	1.0294	-0.0010	0.18
6.5401	1.0292	-0.0010	0.18
6.5501	1.0289	-0.0010	0.18
6.5601	1.0286	-0.0010	0.18
6.5701	1.0284	-0.0010	0.18
6.5801	1.0281	-0.0010	0.17
6.5901	1.0279	-0.0010	0.17
6.6001	1.0276	-0.0010	0.17
6.6101	1.0274	-0.0010	0.17
6.6201	1.0271	-0.0010	0.17
6.6301	1.0269	-0.0010	0.17
6.6401	1.0266	-0.0010	0.16
6.6501	1.0264	-0.0010	0.16
6.6601	1.0261	-0.0010	0.16
6.6701	1.0259	-0.0010	0.16
6.6801	1.0256	-0.0010	0.16
6.6901	1.0254	-0.0010	0.16
6.7001	1.0252	-0.0010	0.16
6.7101	1.0249	-0.0010	0.15
6.7201	1.0247	-0.0010	0.15
6.7301	1.0244	-0.0010	0.15
6.7401	1.0242	-0.0010	0.15
6.7501	1.0240	-0.0010	0.15
6.7601	1.0237	-0.0010	0.15
6.7701	1.0235	-0.0010	0.15
6.7801	1.0232	-0.0009	0.14
6.7901	1.0230	-0.0009	0.14
6.8001	1.0228	-0.0009	0.14
6.8101	1.0225	-0.0009	0.14
6.8201	1.0223	-0.0009	0.14
6.8301	1.0221	-0.0009	0.14
6.8401	1.0218	-0.0009	0.13
6.8501	1.0216	-0.0009	0.13
6.8601	1.0214	-0.0009	0.13
6.8701	1.0211	-0.0009	0.13
6.8801	1.0209	-0.0009	0.13
6.8901	1.0207	-0.0009	0.13
6.9001	1.0204	-0.0009	0.13
6.9101	1.0202	-0.0009	0.12
6.9201	1.0200	-0.0009	0.12
6.9301	1.0198	-0.0009	0.12
6.9401	1.0195	-0.0009	0.12
6.9501	1.0193	-0.0009	0.12
6.9601	1.0191	-0.0009	0.12
6.9701	1.0189	-0.0009	0.12
6.9801	1.0186	-0.0009	0.12
6.9901	1.0184	-0.0009	0.11
7.0001	1.0182	-0.0009	0.11
7.0101	1.0180	-0.0009	0.11
7.0201	1.0178	-0.0009	0.11
7.0301	1.0176	-0.0009	0.11
7.0401	1.0173	-0.0009	0.11
7.0501	1.0171	-0.0009	0.11
7.0601	1.0169	-0.0009	0.10
7.0701	1.0167	-0.0009	0.10
7.0801	1.0165	-0.0008	0.10
7.0901	1.0163	-0.0008	0.10
7.1001	1.0161	-0.0008	0.10
7.1101	1.0158	-0.0008	0.10
7.1201	1.0156	-0.0008	0.10
7.1301	1.0154	-0.0008	0.09
7.1401	1.0152	-0.0008	0.09
7.1501	1.0150	-0.0008	0.09
7.1601	1.0148	-0.0008	0.09
7.1701	1.0146	-0.0008	0.09
7.1801	1.0144	-0.0008	0.09
7.1901	1.0142	-0.0008	0.09
7.2001	1.0140	-0.0008	0.09
7.2101	1.0138	-0.0008	0.08
7.2201	1.0136	-0.0008	0.08
7.2301	1.0134	-0.0008	0.08
7.2401	1.0132	-0.0008	0.08
7.2501	1.0130	-0.0008	0.08
7.2601	1.0128	-0.0008	0.08
7.2701	1.0126	-0.0008	0.08
7.2801	1.0124	-0.0008	0.08
7.2901	1.0122	-0.0008	0.07
7.3001	1.0120	-0.0008	0.07
7.3101	1.0118	-0.0008	0.07
7.3201	1.0116	-0.0008	0.07
7.3301	1.0114	-0.0008	0.07
7.3401	1.0113	-0.0008	0.07
7.3501	1.0111	-0.0008	0.07
7.3601	1.0109	-0.0007	0.07
7.3701	1.0107	-0.0007	0.07
7.3801	1.0105	-0.0007	0.06
7.3901	1.0103	-0.0007	0.06
7.4001	1.0101	-0.0007	0.06
7.4101	1.0100	-0.0007	0.06
7.4201	1.0098	-0.0007	0.06
7.4301	1.0096	-0.0007	0.06
7.4401	1.0094	-0.0007	0.06
7.4501	1.0092	-0.0007	0.06
7.4601	1.0090	-0.0007	0.05
7.4701	1.0089	-0.0007	0.05
7.4801	1.0087	-0.0007	0.05
7.4901	1.0085	-0.0007	0.05
7.5001	1.0083	-0.0007	0.05
7.5101	1.0082	-0.0007	0.05
7.5201	1.0080	-0.0007	0.05
7.5301	1.0078	-0.0007	0.05
7.5401	1.0076	-0.0007	0.05
7.5501	1.0075	-0.0007	0.04
7.5601	1.0073	-0.0007	0.04
7.5701	1.0071	-0.0007	0.04
7.5801	1.0070	-0.0007	0.04
7.5901	1.0068	-0.0007	0.04
7.6001	1.0066	-0.0007	0.04
7.6101	1.0065	-0.0007	0.04
7.6201	1.0063	-0.0007	0.04
7.6301	1.0061	-0.0006	0.04
7.6401	1.0060	-0.0006	0.04
7.6501	1.0058	-0.0006	0.03
7.6601	1.0057	-0.0006	0.03
7.6701	1.0055	-0.0006	0.03
7.6801	1.0053	-0.0006	0.03
7.6901	1.0052	-0.0006	0.03
7.7001	1.0050	-0.0006	0.03
7.7101	1.0049	-0.0006	0.03
7.7201	1.0047	-0.0006	0.03
7.7301	1.0046	-0.0006	0.03
7.7401	1.0044	-0.0006	0.03
7.7501	1.0043	-0.0006	0.02
7.7601	1.0041	-0.0006	0.02
7.7701	1.0040	-0.0006	0.02
7.7801	1.0038	-0.0006	0.02
7.7901	1.0037	-0.0006	0.02
7.8001	1.0035	-0.0006	0.02
7.8101	1.0034	-0.0006	0.02
7.8201	1.0032	-0.0006	0.02
7.8301	1.0031	-0.0006	0.02
7.8401	1.0029	-0.0006	0.02
7.8501	1.0028	-0.0006	0.02
7.8601	1.0026	-0.0006	0.01
7.8701	1.0025	-0.0006	0.01
7.8801	1.0024	-0.0006	0.01
7.8901	1.0022	-0.0006	0.01
7.9001	1.0021	-0.0005	0.01
7.9101	1.0020	-0.0005	0.01
7.9201	1.0018	-0.0005	0.01
7.9301	1.0017	-0.0005	0.01
7.9401	1.0015	-0.0005	0.01
7.9501	1.0014	-0.0005	0.01
7.9601	1.0013	-0.0005	0.01
7.9701	1.0011	-0.0005	0.00
7.9801	1.0010	-0.0005	0.00
7.9901	1.0009	-0.0005	0.00
8.0001	1.0008	-0.0005	0.00
8.0101	1.0006	-0.0005	0.00
8.0201	1.0005	-0.0005	0.00
8.0301	1.0004	-0.0005	-0.00
8.0401	1.0002	-0.0005	-0.00
8.0501	1.0001	-0.0005	-0.00
8.0601	1.0000	-0.0005	-0.00
8.0701	0.9999	-0.0005	-0.00
8.0801	0.9998	-0.0005	-0.00
8.0901	0.9996	-0.0005	-0.00
8.1001	0.9995	-0.0005	-0.01
8.1101	0.9994	-0.0005	-0.01
8.1201	0.9993	-0.0005	-0.01
8.1301	0.9992	-0.0005	-0.01
8.1401	0.9990	-0.0005	-0.01
8.1501	0.9989	-0.0005	-0.01
8.1601	0.9988	-0.0005	-0.01
8.1701	0.9987	-0.0005	-0.01
8.1801	0.9986	-0.0004	-0.01
8.1901	0.9985	-0.0004	-0.01
8.2001	0.9984	-0.0004	-0.01
8.2101	0.9983	-0.0004	-0.01
8.2201	0.9981	-0.0004	-0.01
8.2301	0.9980	-0.0004	-0.01
8.2401	0.9979	-0.0004	-0.02
8.2501	0.9978	-0.0004	-0.02
8.2601	0.9977	-0.0004	-0.02
8.2701	0.9976	-0.0004	-0.02
8.2801	0.9975	-0.0004	-0.02
8.2901	0.9974	-0.0004	-0.02
8.3001	0.9973	-0.0004	-0.02
8.3101	0.9972	-0.0004	-0.02
8.3201	0.9971	-0.0004	-0.02
8.3301	0.9970	-0.0004	-0.02
8.3401	0.9969	-0.0004	-0.02
8.3501	0.9968	-0.0004	-0.02
8.3601	0.9967	-0.0004	-0.02
8.3701	0.9966	-0.0004	-0.02
8.3801	0.9965	-0.0004	-0.02
8.3901	0.9964	-0.0004	-0.03
8.4001	0.9963	-0.0004	-0.03
8.4101	0.9962	-0.0004	-0.03
8.4201	0.9961	-0.0004	-0.03
8.4301	0.9960	-0.0004	-0.03
8.4401	0.9960	-0.0004	-0.03
8.4501	0.9959	-0.0004	-0.03
8.4601	0.9958	-0.0004	-0.03
8.4701	0.9957	-0.0003	-0.03
8.4801	0.9956	-0.0003	-0.03
8.4901	0.9955	-0.0003	-0.03
8.5001	0.9954	-0.0003	-0.03
8.5101	0.9953	-0.0003	-0.03
8.5201	0.9953	-0.0003	-0.03
8.5301	0.9952	-0.0003	-0.03
8.5401	0.9951	-0.0003	-0.03
8.5501	0.9950	-0.0003	-0.03
8.5601	0.9949	-0.0003	-0.03
8.5701	0.9948	-0.0003	-0.04
8.5801	0.9948	-0.0003	-0.04
8.5901	0.9947	-0.0003	-0.04
8.6001	0.9946	-0.0003	-0.04
8.6101	0.9945	-0.0003	-0.04
8.6201	0.9945	-0.0003	-0.04
8.6301	0.9944	-0.0003	-0.04
8.6401	0.9943	-0.0003	-0.04
8.6501	0.9942	-0.0003	-0.04
8.6601	0.9942	-0.0003	-0.04
8.6701	0.9941	-0.0003	-0.04
8.6801	0.9940	-0.0003	-0.04
8.6901	0.9940	-0.0003	-0.04
8.7001	0.9939	-0.0003	-0.04
8.7101	0.9938	-0.0003	-0.04
8.7201	0.9937	-0.0003	-0.04
8.7301	0.9937	-0.0003	-0.04
8.7401	0.9936	-0.0003	-0.04
8.7501	0.9935	-0.0003	-0.04
8.7601	0.9935	-0.0003	-0.04
8.7701	0.9934	-0.0003	-0.04
8.7801	0.9934	-0.0003	-0.04
8.7901	0.9933	-0.0002	-0.04
8.8001	0.9932	-0.0002	-0.05
8.8101	0.9932	-0.0002	-0.05
8.8201	0.9931	-0.0002	-0.05
8.8301	0.9930	-0.0002	-0.05
8.8401	0.9930	-0.0002	-0.05
8.8501	0.9929	-0.0002	-0.05
8.8601	0.9929	-0.0002	-0.05
8.8701	0.9928	-0.0002	-0.05
8.8801	0.9928	-0.0002	-0.05
8.8901	0.9927	-0.0002	-0.05
8.9001	0.9927	-0.0002	-0.05
8.9101	0.9926	-0.0002	-0.05
8.9201	0.9925	-0.0002	-0.05
8.9301	0.9925	-0.0002	-0.05
8.9401	0.9924	-0.0002	-0.05
8.9501	0.9924	-0.0002	-0.05
8.9601	0.9923	-0.0002	-0.05
8.9701	0.9923	-0.0002	-0.05
8.9801	0.9922	-0.0002	-0.05
8.9901	0.9922	-0.0002	-0.05
9.0001	0.9921	-0.0002	-0.05
9.0101	0.9921	-0.0002	-0.05
9.0201	0.9921	-0.0002	-0.05
9.0301	0.9920	-0.0002	-0.05
9.0401	0.9920	-0.0002	-0.05
9.0501	0.9919	-0.0002	-0.05
9.0601	0.9919	-0.0002	-0.05
9.0701	0.9918	-0.0002	-0.05
9.0801	0.9918	-0.0002	-0.05
9.0901	0.9917	-0.0002	-0.05
9.1001	0.9917	-0.0002	-0.05
9.1101	0.9917	-0.0002	-0.06
9.1201	0.9916	-0.0002	-0.06
9.1301	0.9916	-0.0002	-0.06
9.1401	0.9916	-0.0001	-0.06
9.1501	0.9915	-0.0001	-0.06
9.1601	0.9915	-0.0001	-0.06
9.1701	0.9914	-0.0001	-0.06
9.1801	0.9914	-0.0001	-0.06
9.1901	0.9914	-0.0001	-0.06
9.2001	0.9913	-0.0001	-0.06
9.2101	0.9913	-0.0001	-0.06
9.2201	0.9913	-0.0001	-0.06
9.2301	0.9912	-0.0001	-0.06
9.2401	0.9912	-0.0001	-0.06
9.2501	0.9912	-0.0001	-0.06
9.2601	0.9911	-0.0001	-0.06
9.2701	0.9911	-0.0001	-0.06
9.2801	0.9911	-0.0001	-0.06
9.2901	0.9911	-0.0001	-0.06
9.3001	0.9910	-0.0001	-0.06
9.3101	0.9910	-0.0001	-0.06
9.3201	0.9910	-0.0001	-0.06
9.3301	0.9909	-0.0001	-0.06
9.3401	0.9909	-0.0001	-0.06
9.3501	0.9909	-0.0001	-0.06
9.3601	0.9909	-0.0001	-0.06
9.3701	0.9908	-0.0001	-0.06
9.3801	0.9908	-0.0001	-0.06
9.3901	0.9908	-0.0001	-0.06
9.4001	0.9908	-0.0001	-0.06
9.4101	0.9908	-0.0001	-0.06
9.4201	0.9907	-0.0001	-0.06
9.4301	0.9907	-0.0001	-0.06
9.4401	0.9907	-0.0001	-0.06
9.4501	0.9907	-0.0001	-0.06
9.4601	0.9907	-0.0001	-0.06
9.4701	0.9906	-0.0001	-0.06
9.4801	0.9906	-0.0001	-0.06
9.4901	0.9906	-0.0001	-0.06
9.5001	0.9906	-0.0001	-0.06
9.5101	0.9906	-0.0001	-0.06
9.5201	0.9906	-0.0001	-0.06
9.5301	0.9905	-0.0001	-0.06
9.5401	0.9905	-0.0001	-0.06
9.5501	0.9905	-0.0001	-0.06
9.5601	0.9905	-0.0001	-0.06
9.5701	0.9905	-0.0001	-0.06
9.5801	0.9905	-0.0000	-0.06
9.5901	0.9905	-0.0000	-0.06
9.6001	0.9904	-0.0000	-0.06
9.6101	0.9904	-0.0000	-0.06
9.6201	0.9904	-0.0000	-0.06
9.6301	0.9904	-0.0000	-0.06
9.6401	0.9904	-0.0000	-0.06
9.6501	0.9904	-0.0000	-0.06
9.6601	0.9904	-0.0000	-0.06
9.6701	0.9904	-0.0000	-0.06
9.6801	0.9904	-0.0000	-0.06
9.6901	0.9904	-0.0000	-0.06
9.7001	0.9904	-0.0000	-0.06
9.7101	0.9904	-0.0000	-0.06
9.7201	0.9903	-0.0000	-0.06
9.7301	0.9903	-0.0000	-0.06
9.7401	0.9903	-0.0000	-0.06
9.7501	0.9903	-0.0000	-0.06
9.7601	0.9903	-0.0000	-0.06
9.7701	0.9903	-0.0000	-0.06
9.7801	0.9903	-0.0000	-0.06
9.7901	0.9903	-0.0000	-0.06
9.8001	0.9903	-0.0000	-0.06
9.8101	0.9903	-0.0000	-0.06
9.8201	0.9903	-0.0000	-0.06
9.8301	0.9903	-0.0000	-0.06
9.8401	0.9903	0.0000	-0.06
9.8501	0.9903	0.0000	-0.06
9.8601	0.9903	0.0000	-0.06
9.8701	0.9903	0.0000	-0.06
9.8801	0.9903	0.0000	-0.06
9.8901	0.9903	0.0000	-0.06
9.9001	0.9903	0.0000	-0.06
9.9101	0.9903	0.0000	-0.06
9.9201	0.9903	0.0000	-0.06
9.9301	0.9903	0.0000	-0.06
9.9401	0.9903	0.0000	-0.06
9.9501	0.9903	0.0000	-0.06
9.9601	0.9903	0.0000	-0.06
9.9701	0.9903	0.0000	-0.06
9.9801	0.9904	0.0000	-0.06
9.9901	0.9904	0.0000	-0.06
10.0001	0.9904	0.0000	-0.06

0.0100	0.0000	0.0000	0.00
0.0200	0.0000	0.0034	0.00
0.0300	0.0009	0.0068	0.00
0.0400	0.0026	0.0102	0.01
0.0500	0.0051	0.0135	0.02
0.0600	0.0085	0.0168	0.03
0.0700	0.0127	0.0200	0.05
0.0800	0.0177	0.0232	0.08
0.0900	0.0235	0.0263	0.11
0.1000	0.0301	0.0294	0.15
0.1100	0.0374	0.0324	0.19
0.1200	0.0455	0.0354	0.23
0.1300	0.0544	0.0384	0.28
0.1400	0.0640	0.0413	0.33
0.1500	0.0743	0.0442	0.39
0.1600	0.0853	0.0470	0.45
0.1700	0.0971	0.0498	0.51
0.1800	0.1095	0.0526	0.57
0.1900	0.1227	0.0553	0.63
0.2000	0.1365	0.0580	0.70
0.2100	0.1510	0.0606	0.76
0.2200	0.1662	0.0632	0.81
0.2300	0.1820	0.0658	0.86
0.2400	0.1984	0.0684	0.91
0.2500	0.2155	0.0709	0.95
0.2600	0.2332	0.0733	0.98
0.2700	0.2516	0.0758	0.99
0.2800	0.2705	0.0782	1.00
0.2900	0.2901	0.0805	0.99
0.3000	0.3102	0.0829	0.97
0.3100	0.3309	0.0852	0.93
0.3200	0.3522	0.0875	0.87
0.3300	0.3741	0.0897	0.80
0.3400	0.3965	0.0919	0.71
0.3500	0.4195	0.0941	0.61
0.3600	0.4430	0.0959	0.49
0.3700	0.4670	0.0957	0.35
0.3800	0.4909	0.0935	0.21
0.3900	0.5143	0.0899	0.06
0.4000	0.5368	0.0853	-0.09
0.4100	0.5581	0.0807	-0.23
0.4200	0.5782	0.0761	-0.36
0.4300	0.5973	0.0716	-0.47
0.4400	0.6152	0.0672	-0.57
0.4500	0.6320	0.0628	-0.66
0.4600	0.6477	0.0585	-0.74
0.4700	0.6623	0.0542	-0.80
0.4800	0.6759	0.0500	-0.85
0.4900	0.6884	0.0459	-0.89
0.5000	0.6998	0.0419	-0.93
0.5100	0.7103	0.0384	-0.95
0.5200	0.7199	0.0355	-0.97
0.5300	0.7288	0.0330	-0.98
0.5400	0.7370	0.0310	-0.99
0.5500	0.7448	0.0292	-1.00
0.5600	0.7521	0.0277	-1.00
0.5700	0.7590	0.0263	-1.00
0.5800	0.7656	0.0251	-1.00
0.5900	0.7719	0.0240	-1.00
0.6000	0.7779	0.0231	-0.99
0.6100	0.7836	0.0222	-0.99
0.6200	0.7892	0.0214	-0.98
0.6300	0.7945	0.0206	-0.97
0.6400	0.7997	0.0200	-0.96
0.6500	0.8047	0.0193	-0.95
0.6600	0.8095	0.0187	-0.94
0.6700	0.8142	0.0182	-0.93
0.6800	0.8188	0.0177	-0.92
0.6900	0.8232	0.0172	-0.91
0.7000	0.8275	0.0168	-0.90
0.7100	0.8317	0.0163	-0.89
0.7200	0.8357	0.0159	-0.87
0.7300	0.8397	0.0156	-0.86
0.7400	0.8436	0.0152	-0.85
0.7500	0.8474	0.0149	-0.83
0.7600	0.8512	0.0146	-0.82
0.7700	0.8548	0.0143	-0.81
0.7800	0.8584	0.0140	-0.79
0.7900	0.8619	0.0138	-0.78
0.8000	0.8653	0.0135	-0.76
0.8100	0.8687	0.0133	-0.75
0.8200	0.8720	0.0130	-0.74
0.8300	0.8753	0.0128	-0.72
0.8400	0.8785	0.0126	-0.71
0.8500	0.8817	0.0124	-0.69
0.8600	0.8848	0.0122	-0.68
0.8700	0.8878	0.0121	-0.66
0.8800	0.8908	0.0119	-0.65
0.8900	0.8938	0.0117	-0.64
0.9000	0.8967	0.0116	-0.62
0.9100	0.8996	0.0114	-0.61
0.9200	0.9025	0.0113	-0.59
0.9300	0.9053	0.0111	-0.58
0.9400	0.9081	0.0110	-0.56
0.9500	0.9109	0.0109	-0.55
0.9600	0.9136	0.0108	-0.53
0.9700	0.9163	0.0106	-0.52
0.9800	0.9189	0.0105	-0.50
0.9900	0.9215	0.0104	-0.49
1.0000	0.9241	0.0103	-0.48
1.0100	0.9267	0.0102	-0.46
1.0200	0.9293	0.0101	-0.45
1.0300	0.9318	0.0100	-0.43
1.0400	0.9343	0.0099	-0.42
1.0500	0.9368	0.0098	-0.40
1.0600	0.9392	0.0097	-0.39
1.0700	0.9417	0.0096	-0.38
1.0800	0.9441	0.0095	-0.36
1.0900	0.9464	0.0095	-0.35
1.1000	0.9488	0.0094	-0.33
1.1100	0.9512	0.0093	-0.32
1.1200	0.9535	0.0092	-0.30
1.1300	0.9558	0.0092	-0.29
1.1400	0.9581	0.0091	-0.28
1.1500	0.9604	0.0090	-0.26
1.1600	0.9626	0.0089	-0.25
1.1700	0.9648	0.0089	-0.24
1.1800	0.9671	0.0088	-0.22
1.1900	0.9693	0.0087	-0.21
1.2000	0.9714	0.0087	-0.20
1.2100	0.9736	0.0086	-0.18
1.2200	0.9758	0.0085	-0.17
1.2300	0.9779	0.0085	-0.15
1.2400	0.9800	0.0084	-0.14
1.2500	0.9821	0.0083	-0.13
1.2600	0.9842	0.0083	-0.12
1.2700	0.9863	0.0082	-0.10
1.2800	0.9883	0.0082	-0.09
1.2900	0.9904	0.0081	-0.08
1.3000	0.9924	0.0080	-0.06
1.3100	0.9944	0.0080	-0.05
1.3200	0.9964	0.0079	-0.04
1.3300	0.9984	0.0079	-0.03
1.3400	1.0004	0.0078	-0.01
1.3500	1.0023	0.0078	-0.00
1.3600	1.0042	0.0077	0.01
1.3700	1.0062	0.0076	0.02
1.3800	1.0081	0.0076	0.04
1.3900	1.0100	0.0075	0.05
1.4000	1.0119	0.0075	0.06
1.4100	1.0137	0.0074	0.07
1.4200	1.0156	0.0074	0.08
1.4300	1.0174	0.0073	0.09
1.4400	1.0192	0.0072	0.11
1.4500	1.0211	0.0072	0.12
1.4600	1.0229	0.0071	0.13
1.4700	1.0246	0.0071	0.14
1.4800	1.0264	0.0070	0.15
1.4900	1.0282	0.0070	0.16
1.5000	1.0299	0.0069	0.17
1.5100	1.0316	0.0068	0.18
1.5200	1.0333	0.0068	0.19
1.5300	1.0350	0.0067	0.20
1.5400	1.0367	0.0067	0.22
1.5500	1.0384	0.0066	0.23
1.5600	1.0400	0.0065	0.24
1.5700	1.0417	0.0065	0.25
1.5800	1.0433	0.0064	0.26
1.5900	1.0449	0.0064	0.27
1.6000	1.0465	0.0063	0.28
1.6100	1.0481	0.0062	0.28
1.6200	1.0496	0.0062	0.29
1.6300	1.0512	0.0061	0.30
1.6400	1.0527	0.0061	0.31
1.6500	1.0542	0.0060	0.32
1.6600	1.0557	0.0059	0.33
1.6700	1.0572	0.0059	0.34
1.6800	1.0587	0.0058	0.35
1.6900	1.0601	0.0058	0.36
1.7000	1.0616	0.0057	0.37
1.7100	1.0630	0.0056	0.37
1.7200	1.0644	0.0056	0.38
1.7300	1.0658	0.0055	0.39
1.7400	1.0672	0.0054	0.40
1.7500	1.0685	0.0054	0.41
1.7600	1.0699	0.0053	0.41
1.7700	1.0712	0.0053	0.42
1.7800	1.0725	0.0052	0.43
1.7900	1.0738	0.0051	0.44
1.8000	1.0751	0.0051	0.44
1.8100	1.0764	0.0050	0.45
1.8200	1.0776	0.0049	0.46
1.8300	1.0789	0.0049	0.47
1.8400	1.0801	0.0048	0.47
1.8500	1.0813	0.0047	0.48
1.8600	1.0825	0.0047	0.49
1.8700	1.0836	0.0046	0.49
1.8800	1.0848	0.0045	0.50
1.8900	1.0859	0.0045	0.50
1.9000	1.0870	0.0044	0.51
1.9100	1.0881	0.0043	0.52
1.9200	1.0892	0.0043	0.52
1.9300	1.0903	0.0042	0.53
1.9400	1.0913	0.0042	0.53
1.9500	1.0924	0.0041	0.54
1.9600	1.0934	0.0040	0.55
1.9700	1.0944	0.0040	0.55
1.9800	1.0954	0.0039	0.56
1.9900	1.0964	0.0038	0.56
2.0000	1.0973	0.0038	0.57
2.0100	1.0983	0.0037	0.57
2.0200	1.0992	0.0036	0.58
2.0300	1.1001	0.0036	0.58
2.0400	1.1010	0.0035	0.59
2.0500	1.1019	0.0035	0.59
2.0600	1.1028	0.0034	0.59
2.0700	1.1036	0.0033	0.60
2.0800	1.1044	0.0033	0.60
2.0900	1.1053	0.0032	0.61
2.1000	1.1061	0.0031	0.61
2.1100	1.1068	0.0031	0.62
2.1200	1.1076	0.0030	0.62
2.1300	1.1084	0.0030	0.62
2.1400	1.1091	0.0029	0.63
2.1500	1.1098	0.0028	0.63
2.1600	1.1106	0.0028	0.63
2.1700	1.1113	0.0027	0.64
2.1800	1.1119	0.0027	0.64
2.1900	1.1126	0.0026	0.64
2.2000	1.1133	0.0026	0.65
2.2100	1.1139	0.0025	0.65
2.2200	1.1145	0.0024	0.65
2.2300	1.1151	0.0024	0.66
2.2400	1.1157	0.0023	0.66
2.2500	1.1163	0.0023	0.66
2.2600	1.1169	0.0022	0.66
2.2700	1.1174	0.0022	0.67
2.2800	1.1180	0.0021	0.67
2.2900	1.1185	0.0021	0.67
2.3000	1.1190	0.0020	0.68
2.3100	1.1195	0.0020	0.68
2.3200	1.1200	0.0019	0.68
2.3300	1.1205	0.0019	0.68
2.3400	1.1210	0.0018	0.68
2.3500	1.1214	0.0018	0.69
2.3600	1.1219	0.0017	0.69
2.3700	1.1223	0.0017	0.69
2.3800	1.1227	0.0016	0.69
2.3900	1.1231	0.0016	0.69
2.4000	1.1235	0.0015	0.70
2.4100	1.1239	0.0015	0.70
2.4200	1.1243	0.0014	0.70
2.4300	1.1246	0.0014	0.70
2.4400	1.1250	0.0013	0.70
2.4500	1.1253	0.0013	0.70
2.4600	1.1256	0.0013	0.71
2.4700	1.1260	0.0012	0.71
2.4800	1.1263	0.0012	0.71
2.4900	1.1265	0.0011	0.71
2.5000	1.1268	0.0011	0.71
2.5100	1.1271	0.0011	0.71
2.5200	1.1274	0.0010	0.71
2.5300	1.1276	0.0010	0.72
2.5400	1.1279	0.0009	0.72
2.5500	1.1281	0.0009	0.72
2.5600	1.1283	0.0009	0.72
2.5700	1.1285	0.0008	0.72
2.5800	1.1287	0.0008	0.72
2.5900	1.1289	0.0007	0.72
2.6000	1.1291	0.0007	0.72
2.6100	1.1293	0.0007	0.72
2.6200	1.1295	0.0006	0.72
2.6300	1.1296	0.0006	0.72
2.6400	1.1298	0.0006	0.72
2.6500	1.1299	0.0005	0.73
2.6600	1.1301	0.0005	0.73
2.6700	1.1302	0.0005	0.73
2.6800	1.1303	0.0004	0.73
2.6900	1.1304	0.0004	0.73
2.7000	1.1305	0.0004	0.73
2.7100	1.1306	0.0004	0.73
2.7200	1.1307	0.0003	0.73
2.7300	1.1308	0.0003	0.73
2.7400	1.1309	0.0003	0.73
2.7500	1.1309	0.0002	0.73
2.7600	1.1310	0.0002	0.73
2.7700	1.1310	0.0002	0.73
2.7800	1.1311	0.0002	0.73
2.7900	1.1311	0.0001	0.73
2.8000	1.1312	0.0001	0.73
2.8100	1.1312	0.0001	0.73
2.8200	1.1312	0.0001	0.73
2.8300	1.1312	0.0000	0.73
2.8400	1.1312	0.0000	0.73
2.8500	1.1312	-0.0000	0.73
2.8600	1.1312	-0.0000	0.73
2.8700	1.1312	-0.0001	0.73
2.8800	1.1312	-0.0001	0.73
2.8900	1.1312	-0.0001	0.73
2.9000	1.1312	-0.0001	0.73
2.9100	1.1311	-0.0002	0.73
2.9200	1.1311	-0.0002	0.73
2.9300	1.1310	-0.0002	0.73
2.9400	1.1310	-0.0002	0.73
2.9500	1.1309	-0.0002	0.73
2.9600	1.1309	-0.0003	0.73
2.9700	1.1308	-0.0003	0.73
2.9800	1.1307	-0.0003	0.73
2.9900	1.1307	-0.0003	0.73
3.0000	1.1306	-0.0003	0.73
3.0100	1.1305	-0.0003	0.73
3.0200	1.1304	-0.0004	0.73
3.0300	1.1303	-0.0004	0.73
3.0400	1.1302	-0.0004	0.73
3.0500	1.1301	-0.0004	0.73
3.0600	1.1300	-0.0004	0.73
3.0700	1.1299	-0.0005	0.73
3.0800	1.1298	-0.0005	0.73
3.0900	1.1297	-0.0005	0.73
3.1000	1.1296	-0.0005	0.73
3.1100	1.1295	-0.0005	0.72
3.1200	1.1293	-0.0005	0.72
3.1300	1.1292	-0.0005	0.72
3.1400	1.1291	-0.0006	0.72
3.1500	1.1289	-0.0006	0.72
3.1600	1.1288	-0.0006	0.72
3.1700	1.1286	-0.0006	0.72
3.1800	1.1285	-0.0006	0.72
3.1900	1.1283	-0.0006	0.72
3.2000	1.1282	-0.0006	0.72
3.2100	1.1280	-0.0006	0.72
3.2200	1.1279	-0.0007	0.72
3.2300	1.1277	-0.0007	0.72
3.2400	1.1275	-0.0007	0.72
3.2500	1.1273	-0.0007	0.72
3.2600	1.1272	-0.0007	0.71
3.2700	1.1270	-0.0007	0.71
3.2800	1.1268	-0.0007	0.71
3.2900	1.1266	-0.0007	0.71
3.3000	1.1264	-0.0008	0.71
3.3100	1.1263	-0.0008	0.71
3.3200	1.1261	-0.0008	0.71
3.3300	1.1259	-0.0008	0.71
3.3400	1.1257	-0.0008	0.71
3.3500	1.1255	-0.0008	0.71
3.3600	1.1253	-0.0008	0.71
3.3700	1.1251	-0.0008	0.71
3.3800	1.1249	-0.0008	0.70
3.3900	1.1247	-0.0008	0.70
3.4000	1.1244	-0.0009	0.70
3.4100	1.1242	-0.0009	0.70
3.4200	1.1240	-0.0009	0.70
3.4300	1.1238	-0.0009	0.70
3.4400	1.1236	-0.0009	0.70
3.4500	1.1234	-0.0009	0.70
3.4600	1.1231	-0.0009	0.70
3.4700	1.1229	-0.0009	0.70
3.4800	1.1227	-0.0009	0.70
3.4900	1.1225	-0.0009	0.69
3.5000	1.1222	-0.0009	0.69
3.5100	1.1220	-0.0009	0.69
3.5200	1.1218	-0.0009	0.69
3.5300	1.1215	-0.0010	0.69
3.5400	1.1213	-0.0010	0.69
3.5500	1.1210	-0.0010	0.69
3.5600	1.1208	-0.0010	0.69
3.5700	1.1206	-0.0010	0.69
3.5800	1.1203	-0.0010	0.68
3.5900	1.1201	-0.0010	0.68
3.6000	1.1198	-0.0010	0.68
3.6100	1.1196	-0.0010	0.68
3.6200	1.1193	-0.0010	0.68
3.6300	1.1191	-0.0010	0.68
3.6400	1.1188	-0.0010	0.68
3.6500	1.1185	-0.0010	0.68
3.6600	1.1183	-0.0010	0.68
3.6700	1.1180	-0.0010	0.67
3.6800	1.1178	-0.0010	0.67
3.6900	1.1175	-0.0011	0.67
3.7000	1.1172	-0.0011	0.67
3.7100	1.1170	-0.0011	0.67
3.7200	1.1167	-0.0011	0.67
3.7300	1.1164	-0.0011	0.67
3.7400	1.1162	-0.0011	0.67
3.7500	1.1159	-0.0011	0.66
3.7600	1.1156	-0.0011	0.66
3.7700	1.1154	-0.0011	0.66
3.7800	1.1151	-0.0011	0.66
3.7900	1.1148	-0.0011	0.66
3.8000	1.1145	-0.0011	0.66
3.8100	1.1143	-0.0011	0.66
3.8200	1.1140	-0.0011	0.66
3.8300	1.1137	-0.0011	0.65
3.8400	1.1134	-0.0011	0.65
3.8500	1.1131	-0.0011	0.65
3.8600	1.1129	-0.0011	0.65
3.8700	1.1126	-0.0011	0.65
3.8800	1.1123	-0.0011	0.65
3.8900	1.1120	-0.0011	0.65
3.9000	1.1117	-0.0011	0.64
3.9100	1.1114	-0.0011	0.64
3.9200	1.1112	-0.0012	0.64
3.9300	1.1109	-0.0012	0.64
3.9400	1.1106	-0.0012	0.64
3.9500	1.1103	-0.0012	0.64
3.9600	1.1100	-0.0012	0.64
3.9700	1.1097	-0.0012	0.63
3.9800	1.1094	-0.0012	0.63
3.9900	1.1091	-0.0012	0.63
4.0000	1.1088	-0.0012	0.63
4.0100	1.1085	-0.0012	0.63
4.0200	1.1082	-0.0012	0.63
4.0300	1.1079	-0.0012	0.63
4.0400	1.1076	-0.0012	0.62
4.0500	1.1074	-0.0012	0.62
4.0600	1.1071	-0.0012	0.62
4.0700	1.1068	-0.0012	0.62
4.0800	1.1065	-0.0012	0.62
4.0900	1.1062	-0.0012	0.62
4.1000	1.1059	-0.0012	0.62
4.1100	1.1056	-0.0012	0.61
4.1200	1.1053	-0.0012	0.61
4.1300	1.1049	-0.0012	0.61
4.1400	1.1046	-0.0012	0.61
4.1500	1.1043	-0.0012	0.61
4.1600	1.1040	-0.0012	0.61
4.1700	1.1037	-0.0012	0.61
4.1800	1.1034	-0.0012	0.60
4.1900	1.1031	-0.0012	0.60
4.2000	1.1028	-0.0012	0.60
4.2100	1.1025	-0.0012	0.60
4.2200	1.1022	-0.0012	0.60
4.2300	1.1019	-0.0012	0.60
4.2400	1.1016	-0.0012	0.59
4.2500	1.1013	-0.0012	0.59
4.2600	1.1010	-0.0012	0.59
4.2700	1.1007	-0.0012	0.59
4.2800	1.1003	-0.0012	0.59
4.2900	1.1000	-0.0012	0.59
4.3000	1.0997	-0.0012	0.59
4.3100	1.0994	-0.0012	0.58
4.3200	1.0991	-0.0012	0.58
4.3300	1.0988	-0.0013	0.58
4.3400	1.0985	-0.0013	0.58
4.3500	1.0982	-0.0013	0.58
4.3600	1.0978	-0.0013	0.58
4.3700	1.0975	-0.0013	0.57
4.3800	1.0972	-0.0013	0.57
4.3900	1.0969	-0.0013	0.57
4.4000	1.0966	-0.0013	0.57
4.4100	1.0963	-0.0013	0.57
4.4200	1.0960	-0.0013	0.57
4.4300	1.0956	-0.0013	0.56
4.4400	1.0953	-0.0013	0.56
4.4500	1.0950	-0.0013	0.56
4.4600	1.0947	-0.0013	0.56
4.4700	1.0944	-0.0013	0.56
4.4800	1.0941	-0.0013	0.56
4.4900	1.0937	-0.0013	0.55
4.5000	1.0934	-0.0013	0.55
4.5100	1.0931	-0.0013	0.55
4.5200	1.0928	-0.0013	0.55
4.5300	1.0925	-0.0013	0.55
4.5400	1.0922	-0.0013	0.55
4.5500	1.0918	-0.0013	0.54
4.5600	1.0915	-0.0013	0.54
4.5700	1.0912	-0.0013	0.54
4.5800	1.0909	-0.0013	0.54
4.5900	1.0906	-0.0013	0.54
4.6000	1.0902	-0.0013	0.54
4.6100	1.0899	-0.0013	0.53
4.6200	1.0896	-0.0013	0.53
4.6300	1.0893	-0.0013	0.53
4.6400	1.0890	-0.0013	0.53
4.6500	1.0886	-0.0013	0.53
4.6600	1.0883	-0.0013	0.53
4.6700	1.0880	-0.0013	0.52
4.6800	1.0877	-0.0013	0.52
4.6900	1.0873	-0.0013	0.52
4.7000	1.0870	-0.0013	0.52
4.7100	1.0867	-0.0013	0.52
4.7200	1.0864	-0.0013	0.52
4.7300	1.0861	-0.0013	0.51
4.7400	1.0857	-0.0013	0.51
4.7500	1.0854	-0.0013	0.51
4.7600	1.0851	-0.0013	0.51
4.7700	1.0848	-0.0013	0.51
4.7800	1.0845	-0.0013	0.50
4.7900	1.0841	-0.0013	0.50
4.8000	1.0838	-0.0013	0.50
4.8100	1.0835	-0.0013	0.50
4.8200	1.0832	-0.0013	0.50
4.8300	1.0828	-0.0013	0.50
4.8400	1.0825	-0.0013	0.49
4.8500	1.0822	-0.0013	0.49
4.8600	1.0819	-0.0013	0.49
4.8700	1.0815	-0.0013	0.49
4.8800	1.0812	-0.0013	0.49
4.8900	1.0809	-0.0013	0.49
4.9000	1.0806	-0.0013	0.48
4.9100	1.0803	-0.0013	0.48
4.9200	1.0799	-0.0013	0.48
4.9300	1.0796	-0.0013	0.48
4.9400	1.0793	-0.0013	0.48
4.9500	1.0790	-0.0013	0.47
4.9600	1.0786	-0.0013	0.47
4.9700	1.0783	-0.0013	0.47
4.9800	1.0780	-0.0013	0.47
4.9900	1.0777	-0.0013	0.47
5.0000	1.0773	-0.0013	0.47
5.0100	1.0770	-0.0013	0.46
5.0200	1.0767	-0.0013	0.46
5.0300	1.0764	-0.0013	0.46
5.0400	1.0761	-0.0013	0.46
5.0500	1.0757	-0.0013	0.46
5.0600	1.0754	-0.0013	0.46
5.0700	1.0751	-0.0013	0.45
5.0800	1.0748	-0.0013	0.45
5.0900	1.0744	-0.0013	0.45
5.1000	1.0741	-0.0013	0.45
5.1100	1.0738	-0.0013	0.45
5.1200	1.0735	-0.0013	0.44
5.1300	1.0732	-0.0013	0.44
5.1400	1.0728	-0.0013	0.44
5.1500	1.0725	-0.0013	0.44
5.1600	1.0722	-0.0013	0.44
5.1700	1.0719	-0.0013	0.44
5.1800	1.0716	-0.0013	0.43
5.1900	1.0712	-0.0013	0.43
5.2000	1.0709	-0.0013	0.43
5.2100	1.0706	-0.0013	0.43
5.2200	1.0703	-0.0013	0.43
5.2300	1.0700	-0.0013	0.42
5.2400	1.0696	-0.0013	0.42
5.2500	1.0693	-0.0013	0.42
5.2600	1.0690	-0.0013	0.42
5.2700	1.0687	-0.0013	0.42
5.2800	1.0684	-0.0013	0.42
5.2900	1.0680	-0.0013	0.41
5.3000	1.0677	-0.0013	0.41
5.3100	1.0674	-0.0013	0.41
5.3200	1.0671	-0.0013	0.41
5.3300	1.0668	-0.0013	0.41
5.3400	1.0664	-0.0013	0.40
5.3500	1.0661	-0.0013	0.40
5.3600	1.0658	-0.0013	0.40
5.3700	1.0655	-0.0013	0.40
5.3800	1.0652	-0.0013	0.40
5.3900	1.0648	-0.0013	0.39
5.4000	1.0645	-0.0013	0.39
5.4100	1.0642	-0.0013	0.39
5.4200	1.0639	-0.0013	0.39
5.4300	1.0636	-0.0013	0.39
5.4400	1.0633	-0.0013	0.39
5.4500	1.0629	-0.0013	0.38
5.4600	1.0626	-0.0013	0.38
5.4700	1.0623	-0.0013	0.38
5.4800	1.0620	-0.0013	0.38
5.4900	1.0617	-0.0013	0.38
5.5000	1.0614	-0.0013	0.37
5.5100	1.0611	-0.0013	0.37
5.5200	1.0607	-0.0013	0.37
5.5300	1.0604	-0.0013	0.37
5.5400	1.0601	-0.0013	0.37
5.5500	1.0598	-0.0013	0.37
5.5600	1.0595	-0.0013	0.36
5.5700	1.0592	-0.0012	0.36
5.5800	1.0589	-0.0012	0.36
5.5900	1.0586	-0.0012	0.36
5.6000	1.0582	-0.0012	0.36
5.6100	1.0579	-0.0012	0.35
5.6200	1.0576	-0.0012	0.35
5.6300	1.0573	-0.0012	0.35
5.6400	1.0570	-0.0012	0.35
5.6500	1.0567	-0.0012	0.35
5.6600	1.0564	-0.0012	0.35
5.6700	1.0561	-0.0012	0.34
5.6800	1.0558	-0.0012	0.34
5.6900	1.0555	-0.0012	0.34
5.7000	1.0551	-0.0012	0.34
5.7100	1.0548	-0.0012	0.34
5.7200	1.0545	-0.0012	0.33
5.7300	1.0542	-0.0012	0.33
5.7400	1.0539	-0.0012	0.33
5.7500	1.0536	-0.0012	0.33
5.7600	1.0533	-0.0012	0.33
5.7700	1.0530	-0.0012	0.33
5.7800	1.0527	-0.0012	0.32
5.7900	1.0524	-0.0012	0.32
5.8000	1.0521	-0.0012	0.32
5.8100	1.0518	-0.0012	0.32
5.8200	1.0515	-0.0012	0.32
5.8300	1.0512	-0.0012	0.31
5.8400	1.0509	-0.0012	0.31
5.8500	1.0506	-0.0012	0.31
5.8600	1.0503	-0.0012	0.31
5.8700	1.0500	-0.0012	0.31
5.8800	1.0497	-0.0012	0.31
5.8900	1.0494	-0.0012	0.30
5.9000	1.0491	-0.0012	0.30
5.9100	1.0488	-0.0012	0.30
5.9200	1.0485	-0.0012	0.30
5.9300	1.0482	-0.0012	0.30
5.9400	1.0479	-0.0012	0.29
5.9500	1.0476	-0.0012	0.29
5.9600	1.0473	-0.0012	0.29
5.9700	1.0470	-0.0012	0.29
5.9800	1.0467	-0.0012	0.29
5.9900	1.0464	-0.0012	0.29
6.0000	1.0461	-0.0012	0.28
6.0100	1.0458	-0.0012	0.28
6.0200	1.0455	-0.0012	0.28
6.0300	1.0452	-0.0012	0.28
6.0400	1.0449	-0.0012	0.28
6.0500	1.0446	-0.0012	0.28
6.0600	1.0443	-0.0012	0.27
6.0700	1.0440	-0.0012	0.27
6.0800	1.0438	-0.0012	0.27
6.0900	1.0435	-0.0012	0.27
6.1000	1.0432	-0.0012	0.27
6.1100	1.0429	-0.0012	0.26
6.1200	1.0426	-0.0012	0.26
6.1300	1.0423	-0.0012	0.26
6.1400	1.0420	-0.0011	0.26
6.1500	1.0417	-0.0011	0.26
6.1600	1.0414	-0.0011	0.26
6.1700	1.0412	-0.0011	0.25
6.1800	1.0409	-0.0011	0.25
6.1900	1.0406	-0.0011	0.25
6.2000	1.0403	-0.0011	0.25
6.2100	1.0400	-0.0011	0.25
6.2200	1.0397	-0.0011	0.25
6.2300	1.0394	-0.0011	0.24
6.2400	1.0392	-0.0011	0.24
6.2500	1.0389	-0.0011	0.24
6.2600	1.0386	-0.0011	0.24
6.2700	1.0383	-0.0011	0.24
6.2800	1.0380	-0.0011	0.24
6.2900	1.0378	-0.0011	0.23
6.3000	1.0375	-0.0011	0.23
6.3100	1.0372	-0.0011	0.23
6.3200	1.0369	-0.0011	0.23
6.3300	1.0367	-0.0011	0.23
6.3401	1.0364	-0.0011	0.23
6.3501	1.0361	-0.0011	0.22
6.3601	1.0358	-0.0011	0.22
6.3701	1.0356	-0.0011	0.22
6.3801	1.0353	-0.0011	0.22
6.3901	1.0350	-0.0011	0.22
6.4001	1.0347	-0.0011	0.21
6.4101	1.0345	-0.0011	0.21
6.4201	1.0342	-0.0011	0.21
6.4301	1.0339	-0.0011	0.21
6.4401	1.0337	-0.0011	0.21
6.4501	1.0334	-0.0011	0.21
6.4601	1.0331	-0.0011	0.21
6.4701	1.0329	-0.0011	0.20
6.4801	1.0326	-0.0011	0.20
6.4901	1.0323	-0.0011	0.20
6.5001	1.0321	-0.0011	0.20
6.5101	1.0318	-0.0011	0.20
6.5201	1.0315	-0.0011	0.20
6.5301	1.0313	-0.0011	0.19
6.5401	1.0310	-0.0010	0.19
6.5501	1.0307	-0.0010	0.19
6.5601	1.0305	-0.0010	0.19
6.5701	1.0302	-0.0010	0.19
6.5801	1.0300	-0.0010	0.19
6.5901	1.0297	-0.0010	0.18
6.6001	1.0294	-0.0010	0.18
6.6101	1.0292	-0.0010	0.18
6.6201	1.0289	-0.0010	0.18
6.6301	1.0287	-0.0010	0.18
6.6401	1.0284	-0.0010	0.18
6.6501	1.0282	-0.0010	0.17
6.6601	1.0279	-0.0010	0.17
6.6701	1.0276	-0.0010	0.17
6.6801	1.0274	-0.0010	0.17
6.6901	1.0271	-0.0010	0.17
6.7001	1.0269	-0.0010	0.17
6.7101	1.0266	-0.0010	0.16
6.7201	1.0264	-0.0010	0.16
6.7301	1.0261	-0.0010	0.16
6.7401	1.0259	-0.0010	0.16
6.7501	1.0257	-0.0010	0.16
6.7601	1.0254	-0.0010	0.16
6.7701	1.0252	-0.0010	0.16
6.7801	1.0249	-0.0010	0.15
6.7901	1.0247	-0.0010	0.15
6.8001	1.0244	-0.0010	0.15
6.8101	1.0242	-0.0010	0.15
6.8201	1.0239	-0.0010	0.15
6.8301	1.0237	-0.0010	0.15
6.8401	1.0235	-0.0010	0.15
6.8501	1.0232	-0.0010	0.14
6.8601	1.0230	-0.0010	0.14
6.8701	1.0227	-0.0009	0.14
6.8801	1.0225	-0.0009	0.14
6.8901	1.0223	-0.0009	0.14
6.9001	1.0220	-0.0009	0.14
6.9101	1.0218	-0.0009	0.13
6.9201	1.0216	-0.0009	0.13
6.9301	1.0213	-0.0009	0.13
6.9401	1.0211	-0.0009	0.13
6.9501	1.0209	-0.0009	0.13
6.9601	1.0206	-0.0009	0.13
6.9701	1.0204	-0.0009	0.13
6.9801	1.0202	-0.0009	0.12
6.9901	1.0200	-0.0009	0.12
7.0001	1.0197	-0.0009	0.12
7.0101	1.0195	-0.0009	0.12
7.0201	1.0193	-0.0009	0.12
7.0301	1.0191	-0.0009	0.12
7.0401	1.0188	-0.0009	0.12
7.0501	1.0186	-0.0009	0.11
7.0601	1.0184	-0.0009	0.11
7.0701	1.0182	-0.0009	0.11
7.0801	1.0180	-0.0009	0.11
7.0901	1.0177	-0.0009	0.11
7.1001	1.0175	-0.0009	0.11
7.1101	1.0173	-0.0009	0.11
7.1201	1.0171	-0.0009	0.11
7.1301	1.0169	-0.0009	0.10
7.1401	1.0166	-0.0009	0.10
7.1501	1.0164	-0.0009	0.10
7.1601	1.0162	-0.0008	0.10
7.1701	1.0160	-0.0008	0.10
7.1801	1.0158	-0.0008	0.10
7.1901	1.0156	-0.0008	0.10
7.2001	1.0154	-0.0008	0.09
7.2101	1.0152	-0.0008	0.09
7.2201	1.0150	-0.0008	0.09
7.2301	1.0148	-0.0008	0.09
7.2401	1.0145	-0.0008	0.09
7.2501	1.0143	-0.0008	0.09
7.2601	1.0141	-0.0008	0.09
7.2701	1.0139	-0.0008	0.09
7.2801	1.0137	-0.0008	0.08
7.2901	1.0135	-0.0008	0.08
7.3001	1.0133	-0.0008	0.08
7.3101	1.0131	-0.0008	0.08
7.3201	1.0129	-0.0008	0.08
7.3301	1.0127	-0.0008	0.08
7.3401	1.0125	-0.0008	0.08
7.3501	1.0123	-0.0008	0.08
7.3601	1.0121	-0.0008	0.07
7.3701	1.0120	-0.0008	0.07
7.3801	1.0118	-0.0008	0.07
7.3901	1.0116	-0.0008	0.07
7.4001	1.0114	-0.0008	0.07
7.4101	1.0112	-0.0008	0.07
7.4201	1.0110	-0.0008	0.07
7.4301	1.0108	-0.0008	0.07
7.4401	1.0106	-0.0007	0.06
7.4501	1.0104	-0.0007	0.06
7.4601	1.0102	-0.0007	0.06
7.4701	1.0101	-0.0007	0.06
7.4801	1.0099	-0.0007	0.06
7.4901	1.0097	-0.0007	0.06
7.5001	1.0095	-0.0007	0.06
7.5101	1.0093	-0.0007	0.06
7.5201	1.0091	-0.0007	0.06
7.5301	1.0090	-0.0007	0.05
7.5401	1.0088	-0.0007	0.05
7.5501	1.0086	-0.0007	0.05
7.5601	1.0084	-0.0007	0.05
7.5701	1.0083	-0.0007	0.05
7.5801	1.0081	-0.0007	0.05
7.5901	1.0079	-0.0007	0.05
7.6001	1.0077	-0.0007	0.05
7.6101	1.0076	-0.0007	0.05
7.6201	1.0074	-0.0007	0.04
7.6301	1.0072	-0.0007	0.04
7.6401	1.0071	-0.0007	0.04
7.6501	1.0069	-0.0007	0.04
7.6601	1.0067	-0.0007	0.04
7.6701	1.0066	-0.0007	0.04
7.6801	1.0064	-0.0007	0.04
7.6901	1.0062	-0.0007	0.04
7.7001	1.0061	-0.0007	0.04
7.7101	1.0059	-0.0006	0.03
7.7201	1.0057	-0.0006	0.03
7.7301	1.0056	-0.0006	0.03
7.7401	1.0054	-0.0006	0.03
7.7501	1.0053	-0.0006	0.03
7.7601	1.0051	-0.0006	0.03
7.7701	1.0049	-0.0006	0.03
7.7801	1.0048	-0.0006	0.03
7.7901	1.0046	-0.0006	0.03
7.8001	1.0045	-0.0006	0.03
7.8101	1.0043	-0.0006	0.02
7.8201	1.0042	-0.0006	0.02
7.8301	1.0040	-0.0006	0.02
7.8401	1.0039	-0.0006	0.02
7.8501	1.0037	-0.0006	0.02
7.8601	1.0036	-0.0006	0.02
7.8701	1.0034	-0.0006	0.02
7.8801	1.0033	-0.0006	0.02
7.8901	1.0031	-0.0006	0.02
7.9001	1.0030	-0.0006	0.02
7.9101	1.0028	-0.0006	0.02
7.9201	1.0027	-0.0006	0.01
7.9301	1.0025	-0.0006	0.01
7.9401	1.0024	-0.0006	0.01
7.9501	1.0023	-0.0006	0.01
7.9601	1.0021	-0.0006	0.01
7.9701	1.0020	-0.0006	0.01
7.9801	1.0018	-0.0005	0.01
7.9901	1.0017	-0.0005	0.01
8.0001	1.0016	-0.0005	0.01
8.0101	1.0014	-0.0005	0.01
8.0201	1.0013	-0.0005	0.01
8.0301	1.0012	-0.0005	0.01
8.0401	1.0010	-0.0005	0.00
8.0501	1.0009	-0.0005	0.00
8.0601	1.0008	-0.0005	0.00
8.0701	1.0007	-0.0005	0.00
8.0801	1.0005	-0.0005	0.00
8.0901	1.0004	-0.0005	0.00
8.1001	1.0003	-0.0005	-0.00
8.1101	1.0001	-0.0005	-0.00
8.1201	1.0000	-0.0005	-0.00
8.1301	0.9999	-0.0005	-0.00
8.1401	0.9998	-0.0005	-0.00
8.1501	0.9996	-0.0005	-0.00
8.1601	0.9995	-0.0005	-0.01
8.1701	0.9994	-0.0005	-0.01
8.1801	0.9993	-0.0005	-0.01
8.1901	0.9992	-0.0005	-0.01
8.2001	0.9991	-0.0005	-0.01
8.2101	0.9989	-0.0005	-0.01
8.2201	0.9988	-0.0005	-0.01
8.2301	0.9987	-0.0005	-0.01
8.2401	0.9986	-0.0005	-0.01
8.2501	0.9985	-0.0004	-0.01
8.2601	0.9984	-0.0004	-0.01
8.2701	0.9983	-0.0004	-0.01
8.2801	0.9981	-0.0004	-0.01
8.2901	0.9980	-0.0004	-0.01
8.3001	0.9979	-0.0004	-0.02
8.3101	0.9978	-0.0004	-0.02
8.3201	0.9977	-0.0004	-0.02
8.3301	0.9976	-0.0004	-0.02
8.3401	0.9975	-0.0004	-0.02
8.3501	0.9974	-0.0004	-0.02
8.3601	0.9973	-0.0004	-0.02
8.3701	0.9972	-0.0004	-0.02
8.3801	0.9971	-0.0004	-0.02
8.3901	0.9970	-0.0004	-0.02
8.4001	0.9969	-0.0004	-0.02
8.4101	0.9968	-0.0004	-0.02
8.4201	0.9967	-0.0004	-0.02
8.4301	0.9966	-0.0004	-0.02
8.4401	0.9965	-0.0004	-0.02
8.4501	0.9964	-0.0004	-0.03
8.4601	0.9963	-0.0004	-0.03
8.4701	0.9962	-0.0004	-0.03
8.4801	0.9961	-0.0004	-0.03
8.4901	0.9960	-0.0004	-0.03
8.5001	0.9959	-0.0004	-0.03
8.5101	0.9958	-0.0004	-0.03
8.5201	0.9958	-0.0004	-0.03
8.5301	0.9957	-0.0004	-0.03
8.5401	0.9956	-0.0003	-0.03
8.5501	0.9955	-0.0003	-0.03
8.5601	0.9954	-0.0003	-0.03
8.5701	0.9953	-0.0003	-0.03
8.5801	0.9952	-0.0003	-0.03
8.5901	0.9951	-0.0003	-0.03
8.6001	0.9951	-0.0003	-0.03
8.6101	0.9950	-0.0003	-0.03
8.6201	0.9949	-0.0003	-0.03
8.6301	0.9948	-0.0003	-0.04
8.6401	0.9947	-0.0003	-0.04
8.6501	0.9947	-0.0003	-0.04
8.6601	0.9946	-0.0003	-0.04
8.6701	0.9945	-0.0003	-0.04
8.6801	0.9944	-0.0003	-0.04
8.6901	0.9944	-0.0003	-0.04
8.7001	0.9943	-0.0003	-0.04
8.7101	0.9942	-0.0003	-0.04
8.7201	0.9941	-0.0003	-0.04
8.7301	0.9941	-0.0003	-0.04
8.7401	0.9940	-0.0003	-0.04
8.7501	0.9939	-0.0003	-0.04
8.7601	0.9938	-0.0003	-0.04
8.7701	0.9938	-0.0003	-0.04
8.7801	0.9937	-0.0003	-0.04
8.7901	0.9936	-0.0003	-0.04
8.8001	0.9936	-0.0003	-0.04
8.8101	0.9935	-0.0003	-0.04
8.8201	0.9934	-0.0003	-0.04
8.8301	0.9934	-0.0003	-0.04
8.8401	0.9933	-0.0003	-0.04
8.8501	0.9932	-0.0003	-0.05
8.8601	0.9932	-0.0002	-0.05
8.8701	0.9931	-0.0002	-0.05
8.8801	0.9931	-0.0002	-0.05
8.8901	0.9930	-0.0002	-0.05
8.9001	0.9929	-0.0002	-0.05
8.9101	0.9929	-0.0002	-0.05
8.9201	0.9928	-0.0002	-0.05
8.9301	0.9928	-0.0002	-0.05
8.9401	0.9927	-0.0002	-0.05
8.9501	0.9927	-0.0002	-0.05
8.9601	0.9926	-0.0002	-0.05
8.9701	0.9925	-0.0002	-0.05
8.9801	0.9925	-0.0002	-0.05
8.9901	0.9924	-0.0002	-0.05
9.0001	0.9924	-0.0002	-0.05
9.0101	0.9923	-0.0002	-0.05
9.0201	0.9923	-0.0002	-0.05
9.0301	0.9922	-0.0002	-0.05
9.0401	0.9922	-0.0002	-0.05
9.0501	0.9921	-0.0002	-0.05
9.0601	0.9921	-0.0002	-0.05
9.0701	0.9920	-0.0002	-0.05
9.0801	0.9920	-0.0002	-0.05
9.0901	0.9919	-0.0002	-0.05
9.1001	0.9919	-0.0002	-0.05
9.1101	0.9919	-0.0002	-0.05
9.1201	0.9918	-0.0002	-0.05
9.1301	0.9918	-0.0002	-0.05
9.1401	0.9917	-0.0002	-0.05
9.1501	0.9917	-0.0002	-0.06
9.1601	0.9916	-0.0002	-0.06
9.1701	0.9916	-0.0002	-0.06
9.1801	0.9916	-0.0002	-0.06
9.1901	0.9915	-0.0002	-0.06
9.2001	0.9915	-0.0002	-0.06
9.2101	0.9914	-0.0001	-0.06
9.2201	0.9914	-0.0001	-0.06
9.2301	0.9914	-0.0001	-0.06
9.2401	0.9913	-0.0001	-0.06
9.2501	0.9913	-0.0001	-0.06
9.2601	0.9913	-0.0001	-0.06
9.2701	0.9912	-0.0001	-0.06
9.2801	0.9912	-0.0001	-0.06
9.2901	0.9912	-0.0001	-0.06
9.3001	0.9911	-0.0001	-0.06
9.3101	0.9911	-0.0001	-0.06
9.3201	0.9911	-0.0001	-0.06
9.3301	0.9910	-0.0001	-0.06
9.3401	0.9910	-0.0001	-0.06
9.3501	0.9910	-0.0001	-0.06
9.3601	0.9910	-0.0001	-0.06
9.3701	0.9909	-0.0001	-0.06
9.3801	0.9909	-0.0001	-0.06
9.3901	0.9909	-0.0001	-0.06
9.4001	0.9908	-0.0001	-0.06
9.4101	0.9908	-0.0001	-0.06
9.4201	0.9908	-0.0001	-0.06
9.4301	0.9908	-0.0001	-0.06
9.4401	0.9908	-0.0001	-0.06
9.4501	0.9907	-0.0001	-0.06
9.4601	0.9907	-0.0001	-0.06
9.4701	0.9907	-0.0001	-0.06
9.4801	0.9907	-0.0001	-0.06
9.4901	0.9906	-0.0001	-0.06
9.5001	0.9906	-0.0001	-0.06
9.5101	0.9906	-0.0001	-0.06
9.5201	0.9906	-0.0001	-0.06
9.5301	0.9906	-0.0001	-0.06
9.5401	0.9905	-0.0001	-0.06
9.5501	0.9905	-0.0001	-0.06
9.5601	0.9905	-0.0001	-0.06
9.5701	0.9905	-0.0001	-0.06
9.5801	0.9905	-0.0001	-0.06
9.5901	0.9905	-0.0001	-0.06
9.6001	0.9904	-0.0001	-0.06
9.6101	0.9904	-0.0001	-0.06
9.6201	0.9904	-0.0001	-0.06
9.6301	0.9904	-0.0001	-0.06
9.6401	0.9904	-0.0000	-0.06
9.6501	0.9904	-0.0000	-0.06
9.6601	0.9904	-0.0000	-0.06
9.6701	0.9904	-0.0000	-0.06
9.6801	0.9903	-0.0000	-0.06
9.6901	0.9903	-0.0000	-0.06
9.7001	0.9903	-0.0000	-0.06
9.7101	0.9903	-0.0000	-0.06
9.7201	0.9903	-0.0000	-0.06
9.7301	0.9903	-0.0000	-0.06
9.7401	0.9903	-0.0000	-0.06
9.7501	0.9903	-0.0000	-0.06
9.7601	0.9903	-0.0000	-0.06
9.7701	0.9903	-0.0000	-0.06
9.7801	0.9903	-0.0000	-0.06
9.7901	0.9903	-0.0000	-0.06
9.8001	0.9903	-0.0000	-0.06
9.8101	0.9903	-0.0000	-0.06
9.8201	0.9902	-0.0000	-0.06
9.8301	0.9902	-0.0000	-0.06
9.8401	0.9902	-0.0000	-0.06
9.8501	0.9902	-0.0000	-0.06
9.8601	0.9902	-0.0000	-0.06
9.8701	0.9902	-0.0000	-0.06
9.8801	0.9902	-0.0000	-0.06
9.8901	0.9902	-0.0000	-0.06
9.9001	0.9902	-0.0000	-0.06
9.9101	0.9902	0.0000	-0.06
9.9201	0.9902	0.0000	-0.06
9.9301	0.9902	0.0000	-0.06
9.9401	0.9902	0.0000	-0.06
9.9501	0.9902	0.0000	-0.06
9.9601	0.9902	0.0000	-0.06
9.9701	0.9902	0.0000	-0.06
9.9801	0.9902	0.0000	-0.06
9.9901	0.9902	0.0000	-0.06
10.0001	0.9903	0.0000	-0.06

0.0100	0.0000	0.0000	0.00
0.0200	0.0000	0.0034	0.00
0.0300	0.0009	0.0068	0.00
0.0400	0.0026	0.0102	0.01
0.0500	0.0051	0.0135	0.02
0.0600	0.0085	0.0168	0.03
0.0700	0.0127	0.0200	0.05
0.0800	0.0177	0.0232	0.08
0.0900	0.0235	0.0263	0.11
0.1000	0.0301	0.0294	0.15
0.1100	0.0374	0.0324	0.19
0.1200	0.0455	0.0354	0.23
0.1300	0.0544	0.0384	0.28
0.1400	0.0640	0.0413	0.33
0.1500	0.0743	0.0442	0.39
0.1600	0.0853	0.0470	0.45
0.1700	0.0971	0.0498	0.51
0.1800	0.1095	0.0526	0.57
0.1900	0.1227	0.0553	0.63
0.2000	0.1365	0.0580	0.70
0.2100	0.1510	0.0606	0.76
0.2200	0.1662	0.0632	0.81
0.2300	0.1820	0.0658	0.86
0.2400	0.1984	0.0684	0.91
0.2500	0.2155	0.0709	0.95
0.2600	0.2332	0.0733	0.98
0.2700	0.2516	0.0758	0.99
0.2800	0.2705	0.0782	1.00
0.2900	0.2901	0.0805	0.99
0.3000	0.3102	0.0829	0.97
0.3100	0.3309	0.0852	0.93
0.3200	0.3522	0.0875	0.87
0.3300	0.3741	0.0883	0.80
0.3400	0.3961	0.0875	0.71
0.3500	0.4180	0.0856	0.61
0.3600	0.4394	0.0828	0.49
0.3700	0.4601	0.0794	0.37
0.3800	0.4800	0.0756	0.25
0.3900	0.4989	0.0716	0.13
0.4000	0.5167	0.0675	0.01
0.4100	0.5336	0.0634	-0.10
0.4200	0.5495	0.0594	-0.21
0.4300	0.5643	0.0556	-0.30
0.4400	0.5782	0.0520	-0.39
0.4500	0.5912	0.0486	-0.47
0.4600	0.6033	0.0454	-0.54
0.4700	0.6147	0.0425	-0.60
0.4800	0.6253	0.0398	-0.66
0.4900	0.6353	0.0373	-0.71
0.5000	0.6446	0.0351	-0.75
0.5100	0.6533	0.0330	-0.79
0.5200	0.6616	0.0311	-0.82
0.5300	0.6694	0.0294	-0.85
0.5400	0.6767	0.0279	-0.87
0.5500	0.6837	0.0265	-0.89
0.5600	0.6903	0.0252	-0.91
0.5700	0.6966	0.0240	-0.93
0.5800	0.7026	0.0229	-0.94
0.5900	0.7084	0.0219	-0.96
0.6000	0.7138	0.0210	-0.97
0.6100	0.7191	0.0202	-0.97
0.6200	0.7241	0.0194	-0.98
0.6300	0.7290	0.0187	-0.99
0.6400	0.7337	0.0180	-0.99
0.6500	0.7382	0.0174	-0.99
0.6600	0.7425	0.0168	-1.00
0.6700	0.7467	0.0163	-1.00
0.6800	0.7508	0.0158	-1.00
0.6900	0.7547	0.0153	-1.00
0.7000	0.7585	0.0148	-1.00
0.7100	0.7622	0.0144	-1.00
0.7200	0.7658	0.0140	-1.00
0.7300	0.7693	0.0137	-1.00
0.7400	0.7728	0.0133	-0.99
0.7500	0.7761	0.0130	-0.99
0.7600	0.7793	0.0127	-0.99
0.7700	0.7825	0.0124	-0.98
0.7800	0.7856	0.0121	-0.98
0.7900	0.7886	0.0119	-0.98
0.8000	0.7916	0.0116	-0.97
0.8100	0.7945	0.0114	-0.97
0.8200	0.7974	0.0112	-0.96
0.8300	0.8002	0.0110	-0.96
0.8400	0.8029	0.0108	-0.95
0.8500	0.8056	0.0106	-0.95
0.8600	0.8082	0.0104	-0.94
0.8700	0.8108	0.0102	-0.93
0.8800	0.8134	0.0101	-0.93
0.8900	0.8159	0.0099	-0.92
0.9000	0.8184	0.0098	-0.92
0.9100	0.8208	0.0096	-0.91
0.9200	0.8232	0.0095	-0.90
0.9300	0.8256	0.0094	-0.90
0.9400	0.8279	0.0092	-0.89
0.9500	0.8302	0.0091	-0.88
0.9600	0.8325	0.0090	-0.88
0.9700	0.8348	0.0089	-0.87
0.9800	0.8370	0.0088	-0.86
0.9900	0.8392	0.0087	-0.86
1.0000	0.8414	0.0086	-0.85
1.0100	0.8435	0.0085	-0.84
1.0200	0.8457	0.0084	-0.83
1.0300	0.8478	0.0084	-0.83
1.0400	0.8499	0.0083	-0.82
1.0500	0.8519	0.0082	-0.81
1.0600	0.8540	0.0081	-0.80
1.0700	0.8560	0.0081	-0.80
1.0800	0.8580	0.0080	-0.79
1.0900	0.8600	0.0079	-0.78
1.1000	0.8620	0.0079	-0.77
1.1100	0.8640	0.0078	-0.76
1.1200	0.8659	0.0078	-0.76
1.1300	0.8679	0.0077	-0.75
1.1400	0.8698	0.0077	-0.74
1.1500	0.8717	0.0076	-0.73
1.1600	0.8736	0.0076	-0.72
1.1700	0.8755	0.0075	-0.72
1.1800	0.8774	0.0075	-0.71
1.1900	0.8793	0.0075	-0.70
1.2000	0.8812	0.0074	-0.69
1.2100	0.8830	0.0074	-0.68
1.2200	0.8849	0.0074	-0.67
1.2300	0.8867	0.0073	-0.66
1.2400	0.8885	0.0073	-0.66
1.2500	0.8904	0.0073	-0.65
1.2600	0.8922	0.0072	-0.64
1.2700	0.8940	0.0072	-0.63
1.2800	0.8958	0.0072	-0.62
1.2900	0.8976	0.0072	-0.61
1.3000	0.8994	0.0071	-0.60
1.3100	0.9012	0.0071	-0.59
1.3200	0.9029	0.0071	-0.58
1.3300	0.9047	0.0071	-0.58
1.3400	0.9065	0.0071	-0.57
1.3500	0.9083	0.0071	-0.56
1.3600	0.9100	0.0070	-0.55
1.3700	0.9118	0.0070	-0.54
1.3800	0.9135	0.0070	-0.53
1.3900	0.9153	0.0070	-0.52
1.4000	0.9171	0.0070	-0.51
1.4100	0.9188	0.0070	-0.50
1.4200	0.9205	0.0070	-0.49
1.4300	0.9223	0.0070	-0.48
1.4400	0.9240	0.0070	-0.47
1.4500	0.9258	0.0070	-0.46
1.4600	0.9275	0.0070	-0.45
1.4700	0.9293	0.0070	-0.44
1.4800	0.9310	0.0070	-0.43
1.4900	0.9327	0.0070	-0.42
1.5000	0.9345	0.0070	-0.41
1.5100	0.9362	0.0069	-0.40
1.5200	0.9380	0.0069	-0.39
1.5300	0.9397	0.0069	-0.38
1.5400	0.9414	0.0070	-0.37
1.5500	0.9432	0.0070	-0.36
1.5600	0.9449	0.0070	-0.35
1.5700	0.9466	0.0070	-0.34
1.5800	0.9484	0.0070	-0.33
1.5900	0.9501	0.0070	-0.32
1.6000	0.9519	0.0070	-0.31
1.6100	0.9536	0.0070	-0.30
1.6200	0.9554	0.0070	-0.29
1.6300	0.9571	0.0070	-0.28
1.6400	0.9588	0.0070	-0.27
1.6500	0.9606	0.0070	-0.26
1.6600	0.9623	0.0070	-0.25
1.6700	0.9641	0.0070	-0.24
1.6800	0.9658	0.0070	-0.23
1.6900	0.9676	0.0070	-0.22
1.7000	0.9694	0.0070	-0.21
1.7100	0.9711	0.0070	-0.19
1.7200	0.9729	0.0071	-0.18
1.7300	0.9746	0.0071	-0.17
1.7400	0.9764	0.0071	-0.16
1.7500	0.9782	0.0071	-0.15
1.7600	0.9799	0.0071	-0.14
1.7700	0.9817	0.0071	-0.13
1.7800	0.9835	0.0071	-0.12
1.7900	0.9853	0.0071	-0.11
1.8000	0.9870	0.0071	-0.10
1.8100	0.9888	0.0071	-0.08
1.8200	0.9906	0.0071	-0.07
1.8300	0.9924	0.0072	-0.06
1.8400	0.9942	0.0072	-0.05
1.8500	0.9960	0.0072	-0.04
1.8600	0.9978	0.0072	-0.03
1.8700	0.9996	0.0072	-0.02
1.8800	1.0014	0.0072	-0.01
1.8900	1.0032	0.0072	0.01
1.9000	1.0050	0.0072	0.02
1.9100	1.0068	0.0072	0.03
1.9200	1.0086	0.0072	0.04
1.9300	1.0104	0.0072	0.05
1.9400	1.0122	0.0073	0.06
1.9500	1.0140	0.0073	0.07
1.9600	1.0158	0.0073	0.08
1.9700	1.0176	0.0073	0.10
1.9800	1.0195	0.0073	0.11
1.9900	1.0213	0.0073	0.12
2.0000	1.0231	0.0073	0.13
2.0100	1.0249	0.0073	0.14
2.0200	1.0268	0.0073	0.15
2.0300	1.0286	0.0073	0.16
2.0400	1.0304	0.0073	0.18
2.0500	1.0322	0.0073	0.19
2.0600	1.0341	0.0073	0.20
2.0700	1.0359	0.0073	0.21
2.0800	1.0377	0.0073	0.22
2.0900	1.0396	0.0073	0.23
2.1000	1.0414	0.0073	0.24
2.1100	1.0432	0.0073	0.25
2.1200	1.0451	0.0073	0.27
2.1300	1.0469	0.0073	0.28
2.1400	1.0487	0.0073	0.29
2.1500	1.0505	0.0073	0.30
2.1600	1.0524	0.0073	0.31
2.1700	1.0542	0.0073	0.32
2.1800	1.0560	0.0073	0.33
2.1900	1.0579	0.0073	0.34
2.2000	1.0597	0.0073	0.35
2.2100	1.0615	0.0073	0.36
2.2200	1.0633	0.0073	0.37
2.2300	1.0651	0.0073	0.38
2.2400	1.0669	0.0072	0.39
2.2500	1.0688	0.0072	0.41
2.2600	1.0706	0.0072	0.42
2.2700	1.0724	0.0072	0.43
2.2800	1.0742	0.0072	0.44
2.2900	1.0760	0.0072	0.45
2.3000	1.0777	0.0071	0.46
2.3100	1.0795	0.0071	0.47
2.3200	1.0813	0.0071	0.48
2.3300	1.0831	0.0071	0.49
2.3400	1.0849	0.0071	0.50
2.3500	1.0866	0.0070	0.51
2.3600	1.0884	0.0070	0.51
2.3700	1.0901	0.0070	0.52
2.3800	1.0919	0.0069	0.53
2.3900	1.0936	0.0069	0.54
2.4000	1.0953	0.0069	0.55
2.4100	1.0971	0.0069	0.56
2.4200	1.0988	0.0068	0.57
2.4300	1.1005	0.0068	0.58
2.4400	1.1022	0.0067	0.59
2.4500	1.1039	0.0067	0.60
2.4600	1.1055	0.0067	0.60
2.4700	1.1072	0.0066	0.61
2.4800	1.1089	0.0066	0.62
2.4900	1.1105	0.0065	0.63
2.5000	1.1121	0.0065	0.64
2.5100	1.1138	0.0065	0.65
2.5200	1.1154	0.0064	0.65
2.5300	1.1170	0.0064	0.66
2.5400	1.1186	0.0063	0.67
2.5500	1.1202	0.0063	0.68
2.5600	1.1217	0.0062	0.68
2.5700	1.1233	0.0062	0.69
2.5800	1.1248	0.0061	0.70
2.5900	1.1263	0.0061	0.70
2.6000	1.1279	0.0060	0.71
2.6100	1.1294	0.0059	0.72
2.6200	1.1308	0.0059	0.72
2.6300	1.1323	0.0058	0.73
2.6400	1.1338	0.0058	0.74
2.6500	1.1352	0.0057	0.74
2.6600	1.1366	0.0056	0.75
2.6700	1.1381	0.0056	0.75
2.6800	1.1394	0.0055	0.76
2.6900	1.1408	0.0055	0.77
2.7000	1.1422	0.0054	0.77
2.7100	1.1435	0.0053	0.78
2.7200	1.1449	0.0053	0.78
2.7300	1.1462	0.0052	0.79
2.7400	1.1475	0.0051	0.79
2.7500	1.1488	0.0051	0.80
2.7600	1.1500	0.0050	0.80
2.7700	1.1513	0.0049	0.81
2.7800	1.1525	0.0049	0.81
2.7900	1.1537	0.0048	0.82
2.8000	1.1549	0.0047	0.82
2.8100	1.1561	0.0047	0.82
2.8200	1.1573	0.0046	0.83
2.8300	1.1584	0.0045	0.83
2.8400	1.1596	0.0044	0.84
2.8500	1.1607	0.0044	0.84
2.8600	1.1618	0.0043	0.84
2.8700	1.1628	0.0042	0.85
2.8800	1.1639	0.0042	0.85
2.8900	1.1649	0.0041	0.86
2.9000	1.1659	0.0040	0.86
2.9100	1.1669	0.0039	0.86
2.9200	1.1679	0.0039	0.87
2.9300	1.1689	0.0038	0.87
2.9400	1.1698	0.0037	0.87
2.9500	1.1708	0.0037	0.87
2.9600	1.1717	0.0036	0.88
2.9700	1.1726	0.0035	0.88
2.9800	1.1735	0.0034	0.88
2.9900	1.1743	0.0034	0.88
3.0000	1.1752	0.0033	0.89
3.0100	1.1760	0.0032	0.89
3.0200	1.1768	0.0032	0.89
3.0300	1.1776	0.0031	0.89
3.0400	1.1784	0.0030	0.90
3.0500	1.1791	0.0030	0.90
3.0600	1.1799	0.0029	0.90
3.0700	1.1806	0.0028	0.90
3.0800	1.1813	0.0028	0.90
3.0900	1.1820	0.0027	0.91
3.1000	1.1826	0.0026	0.91
3.1100	1.1833	0.0026	0.91
3.1200	1.1839	0.0025	0.91
3.1300	1.1846	0.0024	0.91
3.1400	1.1852	0.0024	0.92
3.1500	1.1858	0.0023	0.92
3.1600	1.1863	0.0022	0.92
3.1700	1.1869	0.0022	0.92
3.1800	1.1874	0.0021	0.92
3.1900	1.1880	0.0021	0.92
3.2000	1.1885	0.0020	0.92
3.2100	1.1890	0.0019	0.92
3.2200	1.1895	0.0019	0.93
3.2300	1.1899	0.0018	0.93
3.2400	1.1904	0.0018	0.93
3.2500	1.1908	0.0017	0.93
3.2600	1.1913	0.0017	0.93
3.2700	1.1917	0.0016	0.93
3.2800	1.1921	0.0015	0.93
3.2900	1.1925	0.0015	0.93
3.3000	1.1928	0.0014	0.93
3.3100	1.1932	0.0014	0.93
3.3200	1.1935	0.0013	0.94
3.3300	1.1939	0.0013	0.94
3.3400	1.1942	0.0012	0.94
3.3500	1.1945	0.0012	0.94
3.3600	1.1948	0.0011	0.94
3.3700	1.1951	0.0011	0.94
3.3800	1.1953	0.0010	0.94
3.3900	1.1956	0.0010	0.94
3.4000	1.1959	0.0010	0.94
3.4100	1.1961	0.0009	0.94
3.4200	1.1963	0.0009	0.94
3.4300	1.1965	0.0008	0.94
3.4400	1.1967	0.0008	0.94
3.4500	1.1969	0.0007	0.94
3.4600	1.1971	0.0007	0.94
3.4700	1.1973	0.0007	0.94
3.4800	1.1975	0.0006	0.94
3.4900	1.1976	0.0006	0.94
3.5000	1.1977	0.0005	0.95
3.5100	1.1979	0.0005	0.95
3.5200	1.1980	0.0005	0.95
3.5300	1.1981	0.0004	0.95
3.5400	1.1982	0.0004	0.95
3.5500	1.1983	0.0004	0.95
3.5600	1.1984	0.0003	0.95
3.5700	1.1985	0.0003	0.95
3.5800	1.1986	0.0002	0.95
3.5900	1.1986	0.0002	0.95
3.6000	1.1987	0.0002	0.95
3.6100	1.1987	0.0002	0.95
3.6200	1.1988	0.0001	0.95
3.6300	1.1988	0.0001	0.95
3.6400	1.1988	0.0001	0.95
3.6500	1.1988	0.0000	0.95
3.6600	1.1988	0.0000	0.95
3.6700	1.1988	-0.0000	0.95
3.6800	1.1988	-0.0001	0.95
3.6900	1.1988	-0.0001	0.95
3.7000	1.1988	-0.0001	0.95
3.7100	1.1988	-0.0001	0.95
3.7200	1.1987	-0.0002	0.95
3.7300	1.1987	-0.0002	0.95
3.7400	1.1986	-0.0002	0.95
3.7500	1.1986	-0.0002	0.95
3.7600	1.1985	-0.0003	0.95
3.7700	1.1985	-0.0003	0.95
3.7800	1.1984	-0.0003	0.95
3.7900	1.1983	-0.0003	0.95
3.8000	1.1982	-0.0004	0.95
3.8100	1.1982	-0.0004	0.95
3.8200	1.1981	-0.0004	0.95
3.8300	1.1980	-0.0004	0.95
3.8400	1.1979	-0.0004	0.95
3.8500	1.1977	-0.0005	0.95
3.8600	1.1976	-0.0005	0.95
3.8700	1.1975	-0.0005	0.95
3.8800	1.1974	-0.0005	0.94
3.8900	1.1973	-0.0005	0.94
3.9000	1.1971	-0.0006	0.94
3.9100	1.1970	-0.0006	0.94
3.9200	1.1968	-0.0006	0.94
3.9300	1.1967	-0.0006	0.94
3.9400	1.1965	-0.0006	0.94
3.9500	1.1964	-0.0006	0.94
3.9600	1.1962	-0.0007	0.94
3.9700	1.1961	-0.0007	0.94
3.9800	1.1959	-0.0007	0.94
3.9900	1.1957	-0.0007	0.94
4.0000	1.1955	-0.0007	0.94
4.0100	1.1954	-0.0007	0.94
4.0200	1.1952	-0.0007	0.94
4.0300	1.1950	-0.0008	0.94
4.0400	1.1948	-0.0008	0.94
4.0500	1.1946	-0.0008	0.94
4.0600	1.1944	-0.0008	0.94
4.0700	1.1942	-0.0008	0.94
4.0800	1.1940	-0.0008	0.94
4.0900	1.1938	-0.0008	0.94
4.1000	1.1936	-0.0009	0.94
4.1100	1.1934	-0.0009	0.94
4.1200	1.1932	-0.0009	0.94
4.1300	1.1929	-0.0009	0.94
4.1400	1.1927	-0.0009	0.94
4.1500	1.1925	-0.0009	0.93
4.1600	1.1923	-0.0009	0.93
4.1700	1.1920	-0.0009	0.93
4.1800	1.1918	-0.0010	0.93
4.1900	1.1915	-0.0010	0.93
4.2000	1.1913	-0.0010	0.93
4.2100	1.1911	-0.0010	0.93
4.2200	1.1908	-0.0010	0.93
4.2300	1.1906	-0.0010	0.93
4.2400	1.1903	-0.0010	0.93
4.2500	1.1901	-0.0010	0.93
4.2600	1.1898	-0.0010	0.93
4.2700	1.1895	-0.0010	0.93
4.2800	1.1893	-0.0011	0.93
4.2900	1.1890	-0.0011	0.93
4.3000	1.1888	-0.0011	0.93
4.3100	1.1885	-0.0011	0.93
4.3200	1.1882	-0.0011	0.92
4.3300	1.1879	-0.0011	0.92
4.3400	1.1877	-0.0011	0.92
4.3500	1.1874	-0.0011	0.92
4.3600	1.1871	-0.0011	0.92
4.3700	1.1868	-0.0011	0.92
4.3800	1.1866	-0.0011	0.92
4.3900	1.1863	-0.0011	0.92
4.4000	1.1860	-0.0012	0.92
4.4100	1.1857	-0.0012	0.92
4.4200	1.1854	-0.0012	0.92
4.4300	1.1851	-0.0012	0.92
4.4400	1.1848	-0.0012	0.92
4.4500	1.1845	-0.0012	0.92
4.4600	1.1842	-0.0012	0.92
4.4700	1.1839	-0.0012	0.91
4.4800	1.1836	-0.0012	0.91
4.4900	1.1833	-0.0012	0.91
4.5000	1.1830	-0.0012	0.91
4.5100	1.1827	-0.0012	0.91
4.5200	1.1824	-0.0012	0.91
4.5300	1.1821	-0.0012	0.91
4.5400	1.1818	-0.0013	0.91
4.5500	1.1815	-0.0013	0.91
4.5600	1.1812	-0.0013	0.91
4.5700	1.1808	-0.0013	0.91
4.5800	1.1805	-0.0013	0.91
4.5900	1.1802	-0.0013	0.90
4.6000	1.1799	-0.0013	0.90
4.6100	1.1796	-0.0013	0.90
4.6200	1.1792	-0.0013	0.90
4.6300	1.1789	-0.0013	0.90
4.6400	1.1786	-0.0013	0.90
4.6500	1.1783	-0.0013	0.90
4.6600	1.1779	-0.0013	0.90
4.6700	1.1776	-0.0013	0.90
4.6800	1.1773	-0.0013	0.90
4.6900	1.1769	-0.0013	0.90
4.7000	1.1766	-0.0013	0.89
4.7100	1.1763	-0.0013	0.89
4.7200	1.1759	-0.0014	0.89
4.7300	1.1756	-0.0014	0.89
4.7400	1.1752	-0.0014	0.89
4.7500	1.1749	-0.0014	0.89
4.7600	1.1746	-0.0014	0.89
4.7700	1.1742	-0.0014	0.89
4.7800	1.1739	-0.0014	0.89
4.7900	1.1735	-0.0014	0.89
4.8000	1.1732	-0.0014	0.89
4.8100	1.1728	-0.0014	0.88
4.8200	1.1725	-0.0014	0.88
4.8300	1.1721	-0.0014	0.88
4.8400	1.1718	-0.0014	0.88
4.8500	1.1714	-0.0014	0.88
4.8600	1.1711	-0.0014	0.88
4.8700	1.1707	-0.0014	0.88
4.8800	1.1704	-0.0014	0.88
4.8900	1.1700	-0.0014	0.88
4.9000	1.1696	-0.0014	0.87
4.9100	1.1693	-0.0014	0.87
4.9200	1.1689	-0.0014	0.87
4.9300	1.1686	-0.0015	0.87
4.9400	1.1682	-0.0015	0.87
4.9500	1.1678	-0.0015	0.87
4.9600	1.1675	-0.0015	0.87
4.9700	1.1671	-0.0015	0.87
4.9800	1.1667	-0.0015	0.87
4.9900	1.1664	-0.0015	0.86
5.0000	1.1660	-0.0015	0.86
5.0100	1.1656	-0.0015	0.86
5.0200	1.1652	-0.0015	0.86
5.0300	1.1649	-0.0015	0.86
5.0400	1.1645	-0.0015	0.86
5.0500	1.1641	-0.0015	0.86
5.0600	1.1638	-0.0015	0.86
5.0700	1.1634	-0.0015	0.85
5.0800	1.1630	-0.0015	0.85
5.0900	1.1626	-0.0015	0.85
5.1000	1.1622	-0.0015	0.85
5.1100	1.1619	-0.0015	0.85
5.1200	1.1615	-0.0015	0.85
5.1300	1.1611	-0.0015	0.85
5.1400	1.1607	-0.0015	0.85
5.1500	1.1603	-0.0015	0.84
5.1600	1.1599	-0.0015	0.84
5.1700	1.1596	-0.0016	0.84
5.1800	1.1592	-0.0016	0.84
5.1900	1.1588	-0.0016	0.84
5.2000	1.1584	-0.0016	0.84
5.2100	1.1580	-0.0016	0.84
5.2200	1.1576	-0.0016	0.84
5.2300	1.1572	-0.0016	0.83
5.2400	1.1568	-0.0016	0.83
5.2500	1.1564	-0.0016	0.83
5.2600	1.1560	-0.0016	0.83
5.2700	1.1556	-0.0016	0.83
5.2800	1.1552	-0.0016	0.83
5.2900	1.1548	-0.0016	0.83
5.3000	1.1544	-0.0016	0.82
5.3100	1.1540	-0.0016	0.82
5.3200	1.1536	-0.0016	0.82
5.3300	1.1532	-0.0016	0.82
5.3400	1.1528	-0.0016	0.82
5.3500	1.1524	-0.0016	0.82
5.3600	1.1520	-0.0016	0.82
5.3700	1.1516	-0.0016	0.81
5.3800	1.1512	-0.0016	0.81
5.3900	1.1508	-0.0016	0.81
5.4000	1.1504	-0.0016	0.81
5.4100	1.1500	-0.0016	0.81
5.4200	1.1496	-0.0016	0.81
5.4300	1.1492	-0.0016	0.81
5.4400	1.1487	-0.0017	0.80
5.4500	1.1483	-0.0017	0.80
5.4600	1.1479	-0.0017	0.80
5.4700	1.1475	-0.0017	0.80
5.4800	1.1471	-0.0017	0.80
5.4900	1.1467	-0.0017	0.80
5.5000	1.1463	-0.0017	0.79
5.5100	1.1458	-0.0017	0.79
5.5200	1.1454	-0.0017	0.79
5.5300	1.1450	-0.0017	0.79
5.5400	1.1446	-0.0017	0.79
5.5500	1.1442	-0.0017	0.79
5.5600	1.1437	-0.0017	0.78
5.5700	1.1433	-0.0017	0.78
5.5800	1.1429	-0.0017	0.78
5.5900	1.1425	-0.0017	0.78
5.6000	1.1420	-0.0017	0.78
5.6100	1.1416	-0.0017	0.78
5.6200	1.1412	-0.0017	0.77
5.6300	1.1407	-0.0017	0.77
5.6400	1.1403	-0.0017	0.77
5.6500	1.1399	-0.0017	0.77
5.6600	1.1394	-0.0017	0.77
5.6700	1.1390	-0.0017	0.77
5.6800	1.1386	-0.0017	0.76
5.6900	1.1381	-0.0017	0.76
5.7000	1.1377	-0.0018	0.76
5.7100	1.1373	-0.0018	0.76
5.7200	1.1368	-0.0018	0.76
5.7300	1.1364	-0.0018	0.76
5.7400	1.1359	-0.0018	0.75
5.7500	1.1355	-0.0018	0.75
5.7600	1.1351	-0.0018	0.75
5.7700	1.1346	-0.0018	0.75
5.7800	1.1342	-0.0018	0.75
5.7900	1.1337	-0.0018	0.74
5.8000	1.1333	-0.0018	0.74
5.8100	1.1328	-0.0018	0.74
5.8200	1.1324	-0.0018	0.74
5.8300	1.1319	-0.0018	0.74
5.8400	1.1315	-0.0018	0.73
5.8500	1.1310	-0.0018	0.73
5.8600	1.1306	-0.0018	0.73
5.8700	1.1301	-0.0018	0.73
5.8800	1.1297	-0.0018	0.73
5.8900	1.1292	-0.0018	0.73
5.9000	1.1288	-0.0018	0.72
5.9100	1.1283	-0.0018	0.72
5.9200	1.1278	-0.0018	0.72
5.9300	1.1274	-0.0018	0.72
5.9400	1.1269	-0.0018	0.72
5.9500	1.1265	-0.0019	0.71
5.9600	1.1260	-0.0019	0.71
5.9700	1.1255	-0.0019	0.71
5.9800	1.1251	-0.0019	0.71
5.9900	1.1246	-0.0019	0.70
6.0000	1.1241	-0.0019	0.70
6.0100	1.1237	-0.0019	0.70
6.0200	1.1232	-0.0019	0.70
6.0300	1.1227	-0.0019	0.70
6.0400	1.1222	-0.0019	0.69
6.0500	1.1218	-0.0019	0.69
6.0600	1.1213	-0.0019	0.69
6.0700	1.1208	-0.0019	0.69
6.0800	1.1204	-0.0019	0.69
6.0900	1.1199	-0.0019	0.68
6.1000	1.1194	-0.0019	0.68
6.1100	1.1189	-0.0019	0.68
6.1200	1.1184	-0.0019	0.68
6.1300	1.1180	-0.0019	0.67
6.1400	1.1175	-0.0019	0.67
6.1500	1.1170	-0.0019	0.67
6.1600	1.1165	-0.0019	0.67
6.1700	1.1160	-0.0019	0.67
6.1800	1.1155	-0.0020	0.66
6.1900	1.1150	-0.0020	0.66
6.2000	1.1146	-0.0020	0.66
6.2100	1.1141	-0.0020	0.66
6.2200	1.1136	-0.0020	0.65
6.2300	1.1131	-0.0020	0.65
6.2400	1.1126	-0.0020	0.65
6.2500	1.1121	-0.0020	0.65
6.2600	1.1116	-0.0020	0.64
6.2700	1.1111	-0.0020	0.64
6.2800	1.1106	-0.0020	0.64
6.2900	1.1101	-0.0020	0.64
6.3000	1.1096	-0.0020	0.64
6.3100	1.1091	-0.0020	0.63
6.3200	1.1086	-0.0020	0.63
6.3300	1.1081	-0.0020	0.63
6.3401	1.1076	-0.0020	0.63
6.3501	1.1071	-0.0020	0.62
6.3601	1.1066	-0.0020	0.62
6.3701	1.1061	-0.0020	0.62
6.3801	1.1056	-0.0020	0.62
6.3901	1.1051	-0.0020	0.61
6.4001	1.1045	-0.0021	0.61
6.4101	1.1040	-0.0021	0.61
6.4201	1.1035	-0.0021	0.61
6.4301	1.1030	-0.0021	0.60
6.4401	1.1025	-0.0021	0.60
6.4501	1.1020	-0.0021	0.60
6.4601	1.1014	-0.0021	0.59
6.4701	1.1009	-0.0021	0.59
6.4801	1.1004	-0.0021	0.59
6.4901	1.0999	-0.0021	0.59
6.5001	1.0994	-0.0021	0.58
6.5101	1.0988	-0.0021	0.58
6.5201	1.0983	-0.0021	0.58
6.5301	1.0978	-0.0021	0.58
6.5401	1.0972	-0.0021	0.57
6.5501	1.0967	-0.0021	0.57
6.5601	1.0962	-0.0021	0.57
6.5701	1.0956	-0.0021	0.57
6.5801	1.0951	-0.0021	0.56
6.5901	1.0946	-0.0021	0.56
6.6001	1.0940	-0.0022	0.56
6.6101	1.0935	-0.0022	0.55
6.6201	1.0930	-0.0022	0.55
6.6301	1.0924	-0.0022	0.55
6.6401	1.0919	-0.0022	0.55
6.6501	1.0913	-0.0022	0.54
6.6601	1.0908	-0.0022	0.54
6.6701	1.0902	-0.0022	0.54
6.6801	1.0897	-0.0022	0.53
6.6901	1.0891	-0.0022	0.53
6.7001	1.0886	-0.0022	0.53
6.7101	1.0880	-0.0022	0.53
6.7201	1.0875	-0.0022	0.52
6.7301	1.0869	-0.0022	0.52
6.7401	1.0864	-0.0022	0.52
6.7501	1.0858	-0.0022	0.51
6.7601	1.0853	-0.0022	0.51
6.7701	1.0847	-0.0022	0.51
6.7801	1.0841	-0.0023	0.50
6.7901	1.0836	-0.0023	0.50
6.8001	1.0830	-0.0023	0.50
6.8101	1.0824	-0.0023	0.50
6.8201	1.0819	-0.0023	0.49
6.8301	1.0813	-0.0023	0.49
6.8401	1.0807	-0.0023	0.49
6.8501	1.0802	-0.0023	0.48
6.8601	1.0796	-0.0023	0.48
6.8701	1.0790	-0.0023	0.48
6.8801	1.0784	-0.0023	0.47
6.8901	1.0779	-0.0023	0.47
6.9001	1.0773	-0.0023	0.47
6.9101	1.0767	-0.0023	0.46
6.9201	1.0761	-0.0023	0.46
6.9301	1.0755	-0.0023	0.46
6.9401	1.0749	-0.0023	0.45
6.9501	1.0744	-0.0024	0.45
6.9601	1.0738	-0.0024	0.45
6.9701	1.0732	-0.0024	0.44
6.9801	1.0726	-0.0024	0.44
6.9901	1.0720	-0.0024	0.44
7.0001	1.0714	-0.0024	0.43
7.0101	1.0708	-0.0024	0.43
7.0201	1.0702	-0.0024	0.43
7.0301	1.0696	-0.0024	0.42
7.0401	1.0690	-0.0024	0.42
7.0501	1.0684	-0.0024	0.42
7.0601	1.0678	-0.0024	0.41
7.0701	1.0672	-0.0024	0.41
7.0801	1.0666	-0.0024	0.41
7.0901	1.0660	-0.0024	0.40
7.1001	1.0654	-0.0024	0.40
7.1101	1.0648	-0.0024	0.40
7.1201	1.0642	-0.0025	0.39
7.1301	1.0635	-0.0025	0.39
7.1401	1.0629	-0.0025	0.39
7.1501	1.0623	-0.0025	0.38
7.1601	1.0617	-0.0025	0.38
7.1701	1.0611	-0.0025	0.37
7.1801	1.0604	-0.0025	0.37
7.1901	1.0598	-0.0025	0.37
7.2001	1.0592	-0.0025	0.36
7.2101	1.0586	-0.0025	0.36
7.2201	1.0579	-0.0025	0.36
7.2301	1.0573	-0.0025	0.35
7.2401	1.0567	-0.0025	0.35
7.2501	1.0561	-0.0025	0.35
7.2601	1.0554	-0.0025	0.34
7.2701	1.0548	-0.0026	0.34
7.2801	1.0541	-0.0026	0.33
7.2901	1.0535	-0.0026	0.33
7.3001	1.0529	-0.0026	0.33
7.3101	1.0522	-0.0026	0.32
7.3201	1.0516	-0.0026	0.32
7.3301	1.0509	-0.0026	0.32
7.3401	1.0503	-0.0026	0.31
7.3501	1.0496	-0.0026	0.31
7.3601	1.0490	-0.0026	0.30
7.3701	1.0483	-0.0026	0.30
7.3801	1.0477	-0.0026	0.30
7.3901	1.0470	-0.0026	0.29
7.4001	1.0464	-0.0026	0.29
7.4101	1.0457	-0.0026	0.28
7.4201	1.0450	-0.0026	0.28
7.4301	1.0444	-0.0027	0.28
7.4401	1.0437	-0.0027	0.27
7.4501	1.0431	-0.0027	0.27
7.4601	1.0424	-0.0027	0.26
7.4701	1.0417	-0.0027	0.26
7.4801	1.0410	-0.0027	0.26
7.4901	1.0404	-0.0027	0.25
7.5001	1.0397	-0.0027	0.25
7.5101	1.0390	-0.0027	0.24
7.5201	1.0384	-0.0027	0.24
7.5301	1.0377	-0.0027	0.24
7.5401	1.0370	-0.0027	0.23
7.5501	1.0363	-0.0027	0.23
7.5601	1.0356	-0.0027	0.22
7.5701	1.0349	-0.0027	0.22
7.5801	1.0343	-0.0028	0.21
7.5901	1.0336	-0.0028	0.21
7.6001	1.0329	-0.0028	0.21
7.6101	1.0322	-0.0028	0.20
7.6201	1.0315	-0.0028	0.20
7.6301	1.0308	-0.0028	0.19
7.6401	1.0301	-0.0028	0.19
7.6501	1.0294	-0.0028	0.18
7.6601	1.0287	-0.0028	0.18
7.6701	1.0280	-0.0028	0.18
7.6801	1.0273	-0.0028	0.17
7.6901	1.0266	-0.0028	0.17
7.7001	1.0259	-0.0028	0.16
7.7101	1.0252	-0.0028	0.16
7.7201	1.0245	-0.0028	0.15
7.7301	1.0238	-0.0028	0.15
7.7401	1.0231	-0.0028	0.15
7.7501	1.0224	-0.0029	0.14
7.7601	1.0216	-0.0029	0.14
7.7701	1.0209	-0.0029	0.13
7.7801	1.0202	-0.0029	0.13
7.7901	1.0195	-0.0029	0.12
7.8001	1.0188	-0.0029	0.12
7.8101	1.0181	-0.0029	0.11
7.8201	1.0173	-0.0029	0.11
7.8301	1.0166	-0.0029	0.11
7.8401	1.0159	-0.0029	0.10
7.8501	1.0152	-0.0029	0.10
7.8601	1.0144	-0.0029	0.09
7.8701	1.0137	-0.0029	0.09
7.8801	1.0130	-0.0029	0.08
7.8901	1.0122	-0.0029	0.08
7.9001	1.0115	-0.0029	0.07
7.9101	1.0108	-0.0029	0.07
7.9201	1.0100	-0.0029	0.06
7.9301	1.0093	-0.0030	0.06
7.9401	1.0086	-0.0030	0.06
7.9501	1.0078	-0.0030	0.05
7.9601	1.0071	-0.0030	0.05
7.9701	1.0063	-0.0030	0.04
7.9801	1.0056	-0.0030	0.04
7.9901	1.0049	-0.0030	0.03
8.0001	1.0041	-0.0030	0.03
8.0101	1.0034	-0.0030	0.02
8.0201	1.0026	-0.0030	0.02
8.0301	1.0019	-0.0030	0.01
8.0401	1.0011	-0.0030	0.01
8.0501	1.0004	-0.0030	0.00
8.0601	0.9996	-0.0030	-0.00
8.0701	0.9989	-0.0030	-0.01
8.0801	0.9981	-0.0030	-0.01
8.0901	0.9974	-0.0030	-0.02
8.1001	0.9966	-0.0030	-0.02
8.1101	0.9958	-0.0030	-0.02
8.1201	0.9951	-0.0030	-0.03
8.1301	0.9943	-0.0030	-0.03
8.1401	0.9936	-0.0030	-0.04
8.1501	0.9928	-0.0030	-0.04
8.1601	0.9920	-0.0030	-0.05
8.1701	0.9913	-0.0030	-0.05
8.1801	0.9905	-0.0031	-0.06
8.1901	0.9898	-0.0031	-0.06
8.2001	0.9890	-0.0031	-0.07
8.2101	0.9882	-0.0031	-0.07
8.2201	0.9875	-0.0031	-0.08
8.2301	0.9867	-0.0031	-0.08
8.2401	0.9859	-0.0031	-0.09
8.2501	0.9852	-0.0031	-0.09
8.2601	0.9844	-0.0031	-0.10
8.2701	0.9836	-0.0031	-0.10
8.2801	0.9829	-0.0031	-0.11
8.2901	0.9821	-0.0031	-0.11
8.3001	0.9813	-0.0031	-0.12
8.3101	0.9806	-0.0031	-0.12
8.3201	0.9798	-0.0031	-0.12
8.3301	0.9790	-0.0031	-0.13
8.3401	0.9783	-0.0031	-0.13
8.3501	0.9775	-0.0031	-0.14
8.3601	0.9767	-0.0031	-0.14
8.3701	0.9759	-0.0031	-0.15
8.3801	0.9752	-0.0031	-0.15
8.3901	0.9744	-0.0031	-0.16
8.4001	0.9736	-0.0031	-0.16
8.4101	0.9729	-0.0031	-0.17
8.4201	0.9721	-0.0031	-0.17
8.4301	0.9713	-0.0031	-0.18
8.4401	0.9706	-0.0031	-0.18
8.4501	0.9698	-0.0031	-0.19
8.4601	0.9690	-0.0031	-0.19
8.4701	0.9682	-0.0031	-0.20
8.4801	0.9675	-0.0031	-0.20
8.4901	0.9667	-0.0031	-0.21
8.5001	0.9659	-0.0031	-0.21
8.5101	0.9652	-0.0031	-0.22
8.5201	0.9644	-0.0031	-0.22
8.5301	0.9636	-0.0031	-0.22
8.5401	0.9629	-0.0031	-0.23
8.5501	0.9621	-0.0031	-0.23
8.5601	0.9613	-0.0031	-0.24
8.5701	0.9606	-0.0030	-0.24
8.5801	0.9598	-0.0030	-0.25
8.5901	0.9591	-0.0030	-0.25
8.6001	0.9583	-0.0030	-0.26
8.6101	0.9575	-0.0030	-0.26
8.6201	0.9568	-0.0030	-0.27
8.6301	0.9560	-0.0030	-0.27
8.6401	0.9553	-0.0030	-0.28
8.6501	0.9545	-0.0030	-0.28
8.6601	0.9538	-0.0030	-0.28
8.6701	0.9530	-0.0030	-0.29
8.6801	0.9523	-0.0030	-0.29
8.6901	0.9515	-0.0030	-0.30
8.7001	0.9508	-0.0030	-0.30
8.7101	0.9500	-0.0030	-0.31
8.7201	0.9493	-0.0030	-0.31
8.7301	0.9485	-0.0030	-0.32
8.7401	0.9478	-0.0030	-0.32
8.7501	0.9470	-0.0030	-0.33
8.7601	0.9463	-0.0029	-0.33
8.7701	0.9456	-0.0029	-0.33
8.7801	0.9448	-0.0029	-0.34
8.7901	0.9441	-0.0029	-0.34
8.8001	0.9434	-0.0029	-0.35
8.8101	0.9426	-0.0029	-0.35
8.8201	0.9419	-0.0029	-0.36
8.8301	0.9412	-0.0029	-0.36
8.8401	0.9405	-0.0029	-0.36
8.8501	0.9397	-0.0029	-0.37
8.8601	0.9390	-0.0029	-0.37
8.8701	0.9383	-0.0029	-0.38
8.8801	0.9376	-0.0028	-0.38
8.8901	0.9369	-0.0028	-0.38
8.9001	0.9362	-0.0028	-0.39
8.9101	0.9355	-0.0028	-0.39
8.9201	0.9348	-0.0028	-0.40
8.9301	0.9341	-0.0028	-0.40
8.9401	0.9334	-0.0028	-0.41
8.9501	0.9327	-0.0028	-0.41
8.9601	0.9320	-0.0028	-0.41
8.9701	0.9313	-0.0027	-0.42
8.9801	0.9306	-0.0027	-0.42
8.9901	0.9299	-0.0027	-0.43
9.0001	0.9292	-0.0027	-0.43
9.0101	0.9286	-0.0027	-0.43
9.0201	0.9279	-0.0027	-0.44
9.0301	0.9272	-0.0027	-0.44
9.0401	0.9265	-0.0027	-0.44
9.0501	0.9259	-0.0026	-0.45
9.0601	0.9252	-0.0026	-0.45
9.0701	0.9246	-0.0026	-0.46
9.0801	0.9239	-0.0026	-0.46
9.0901	0.9233	-0.0026	-0.46
9.1001	0.9226	-0.0026	-0.47
9.1101	0.9220	-0.0026	-0.47
9.1201	0.9213	-0.0025	-0.47
9.1301	0.9207	-0.0025	-0.48
9.1401	0.9201	-0.0025	-0.48
9.1501	0.9194	-0.0025	-0.48
9.1601	0.9188	-0.0025	-0.49
9.1701	0.9182	-0.0025	-0.49
9.1801	0.9176	-0.0024	-0.49
9.1901	0.9170	-0.0024	-0.50
9.2001	0.9164	-0.0024	-0.50
9.2101	0.9158	-0.0024	-0.50
9.2201	0.9152	-0.0024	-0.51
9.2301	0.9146	-0.0024	-0.51
9.2401	0.9140	-0.0023	-0.51
9.2501	0.9134	-0.0023	-0.52
9.2601	0.9128	-0.0023	-0.52
9.2701	0.9122	-0.0023	-0.52
9.2801	0.9116	-0.0023	-0.53
9.2901	0.9111	-0.0023	-0.53
9.3001	0.9105	-0.0022	-0.53
9.3101	0.9100	-0.0022	-0.54
9.3201	0.9094	-0.0022	-0.54
9.3301	0.9088	-0.0022	-0.54
9.3401	0.9083	-0.0022	-0.54
9.3501	0.9078	-0.0021	-0.55
9.3601	0.9072	-0.0021	-0.55
9.3701	0.9067	-0.0021	-0.55
9.3801	0.9062	-0.0021	-0.56
9.3901	0.9056	-0.0021	-0.56
9.4001	0.9051	-0.0021	-0.56
9.4101	0.9046	-0.0020	-0.56
9.4201	0.9041	-0.0020	-0.57
9.4301	0.9036	-0.0020	-0.57
9.4401	0.9031	-0.0020	-0.57
9.4501	0.9026	-0.0020	-0.57
9.4601	0.9021	-0.0019	-0.58
9.4701	0.9016	-0.0019	-0.58
9.4801	0.9011	-0.0019	-0.58
9.4901	0.9007	-0.0019	-0.58
9.5001	0.9002	-0.0019	-0.59
9.5101	0.8997	-0.0018	-0.59
9.5201	0.8993	-0.0018	-0.59
9.5301	0.8988	-0.0018	-0.59
9.5401	0.8984	-0.0018	-0.60
9.5501	0.8979	-0.0017	-0.60
9.5601	0.8975	-0.0017	-0.60
9.5701	0.8971	-0.0017	-0.60
9.5801	0.8966	-0.0017	-0.60
9.5901	0.8962	-0.0017	-0.61
9.6001	0.8958	-0.0016	-0.61
9.6101	0.8954	-0.0016	-0.61
9.6201	0.8950	-0.0016	-0.61
9.6301	0.8946	-0.0016	-0.62
9.6401	0.8942	-0.0016	-0.62
9.6501	0.8938	-0.0015	-0.62
9.6601	0.8934	-0.0015	-0.62
9.6701	0.8930	-0.0015	-0.62
9.6801	0.8927	-0.0015	-0.62
9.6901	0.8923	-0.0015	-0.63
9.7001	0.8919	-0.0014	-0.63
9.7101	0.8916	-0.0014	-0.63
9.7201	0.8912	-0.0014	-0.63
9.7301	0.8909	-0.0014	-0.63
9.7401	0.8905	-0.0013	-0.64
9.7501	0.8902	-0.0013	-0.64
9.7601	0.8899	-0.0013	-0.64
9.7701	0.8895	-0.0013	-0.64
9.7801	0.8892	-0.0013	-0.64
9.7901	0.8889	-0.0012	-0.64
9.8001	0.8886	-0.0012	-0.64
9.8101	0.8883	-0.0012	-0.65
9.8201	0.8880	-0.0012	-0.65
9.8301	0.8877	-0.0012	-0.65
9.8401	0.8874	-0.0011	-0.65
9.8501	0.8871	-0.0011	-0.65
9.8601	0.8868	-0.0011	-0.65
9.8701	0.8866	-0.0011	-0.65
9.8801	0.8863	-0.0010	-0.66
9.8901	0.8860	-0.0010	-0.66
9.9001	0.8858	-0.0010	-0.66
9.9101	0.8855	-0.0010	-0.66
9.9201	0.8853	-0.0010	-0.66
9.9301	0.8851	-0.0009	-0.66
9.9401	0.8848	-0.0009	-0.66
9.9501	0.8846	-0.0009	-0.66
9.9601	0.8844	-0.0009	-0.67
9.9701	0.8841	-0.0009	-0.67
9.9801	0.8839	-0.0008	-0.67
9.9901	0.8837	-0.0008	-0.67
10.0001	0.8835	-0.0008	-0.67

